3 0.2367452578125 0.16198174062499998 0.3764296 0.179677378125 0.3848259375 0.1943220125 0.39523393125 0.2279941875 0.421464453125 0.2065258546875 0.44207361875 0.17052448125 0.4336772796875 0.1375740546875 0.399328671875 0.09791146875 0.3672699703125 0.076554728125 0.34284428125 0.0741139375 0.3245250234375 0.1070643625 0.3031525671875 0.13025173750000002 0.277200296875 0.14489637187499999 0.2367452578125 0.16198174062499998
3 0.201736003125 0 0.19705354218749999 0.008823296875 0.1611782828125 0.0356717734375 0.10164069375 0.05092661875 0.2710938671875 0.07838530625 0.2886498328125 0.13147210468749998 0.2314021515625 0.16381232031249998 0.290939740625 0.14306579218749998 0.3161287203125 0.1174376828125 0.3390277921875 0.088758571875 0.336867490625 0.0448837890625 0.32223511718750003 0.024078142187500002 0.2994616421875 0 0.201736003125 0
3 0.0194590390625 0 0.020046114062500002 0.022995725 0.026823951562499997 0.042411259374999996 0.06805576875 0.051893259375 0.106463553125 0.050990184375000004 0.1584269640625 0.037444471875 0.186667940625 0.0126106921875 0.20143598906250001 0 0.0194590390625 0
3 0.23873728125000002 0.4797535625 0.3195330796875 0.46940500625 0.35390478124999997 0.45727226249999997 0.375777671875 0.4401436515625 0.4025608125 0.40945487187499996 0.406131903125 0.38162087968749997 0.3976505625 0.3427246828125 0.3784559875 0.31917284375 0.34899453281250004 0.29455046875 0.30846185625 0.281565203125 0.301231259375 0.280990296875 0.287839690625 0.3048989921875 0.2623957078125 0.33201930156250004 0.208829428125 0.355214284375 0.1882956734375 0.367703884375 0.3239969296875 0.39161258125 0.32935355781250003 0.4494216390625 0.301231259375 0.4701187203125 0.23873728125000002 0.4797535625
3 0.07115458125 0.26416883125 0.17560882656250001 0.280583759375 0.2135516203125 0.2880775265625 0.22471127656249998 0.341247609375 0.21310524218750002 0.356591965625 0.262207671875 0.3308990515625 0.295686596875 0.2959281171875 0.305953453125 0.25524766875 0.2970841265625 0.22909379843750002 0.2930082828125 0.2192062296875 0.2738136859375 0.19922286250000001 0.22515765625 0.16924779375000001 0.192125109375 0.1646087859375 0.1881076390625 0.1810237140625 0.169359440625 0.2095713859375 0.1452546140625 0.23348008125000003 0.1086509765625 0.2541771296875 0.07115458125 0.26416883125
3 0 0.271359490625 0.021184643750000003 0.273610378125 0.0801075515625 0.262904996875 0.1274244265625 0.243992134375 0.1738485421875 0.20652330000000002 0.19348949843750002 0.163344953125 0.1879917921875 0.126292678125 0.1622425078125 0.09732841406250001 0.1193894625 0.070208134375 0.0626985109375 0.055577425 0.001097290625 0.0559342828125 0 0.0564148296875 0 0.271359490625
3 0.170868009375 0.563990390625 0.142299353125 0.5775505296875 0.2552349 0.5939654921875 0.2717511828125 0.6028866203125001 0.28291083906250003 0.6485629359375 0.3056765078125 0.6325048640625 0.3279957765625 0.6085961359375001 0.3379100921875 0.5765829984375 0.3329060265625 0.5507870765625 0.31817529843750003 0.52330994375 0.283803596875 0.49583280937499996 0.24095057187500002 0.47799048437499997 0.2306837140625 0.4776336609375 0.2306837140625 0.50189918125 0.21907766093749997 0.5268784140625 0.1980975484375 0.5486460015625 0.170868009375 0.563990390625
3 0 0.474109875 0.137224946875 0.49874681875000004 0.1552034078125 0.50796673125 0.1630053890625 0.55298154375 0.15859558125 0.5630150015625001 0.1351896484375 0.57820069375 0.152150459375 0.5744042953124999 0.1965878140625 0.549727459375 0.2237251328125 0.5117631546875 0.2305094515625 0.4800358359375 0.2288481515625 0.4684300828125 0.2199937484375 0.4412580109375 0.1965878140625 0.41603885937499996 0.1507935984375 0.39461613125 0.1066954703125 0.3826845 0.0971974 0.381599796875 0.0887169796875 0.40736128593750004 0.0629365515625 0.433936321875 0.0293541265625 0.45671490937500003 0 0.4701240734375 0 0.474109875
3 0 0.469966521875 0.0088838 0.46766887500000004 0.0417877875 0.44950023281249996 0.0712996140625 0.42645046249999996 0.090295740625 0.400146634375 0.0960624234375 0.3781815671875 0.093052921875 0.3516563578125 0.080458459375 0.3244891828125 0.0485721203125 0.29574476562499996 0.006509290625 0.278660825 0 0.2776674109375 0 0.469966521875
3 0.0953209703125 0.7808408765625 0.0603817 0.790874309375 0.0624169984375 0.7960266171875 0.0776817375 0.8865986046875 0.0898935296875 0.897174378125 0.1082112140625 0.897174378125 0.13093869375 0.897174378125 0.16791329375 0.8944626578125 0.21235065 0.8830733640625 0.252717409375 0.8578542140625001 0.27442725625 0.8215169265625001 0.276656209375 0.8024761765624999 0.27340960625 0.7689092421875 0.2625546734375 0.7472153578125 0.23779188125 0.7238944078125 0.20387024375 0.701929340625 0.1791074375 0.6948788343750001 0.17775057656249998 0.70491226875 0.16078975 0.7363684046875 0.1329739921875 0.7615875546875001 0.0953209703125 0.7808408765625
3 0 0.8003600734375 0.013948290625000002 0.8014391484375001 0.0546542609375 0.7960156578124999 0.0960386859375 0.7816434375 0.13810151406249999 0.7572378078125 0.1601505890625 0.7390691875 0.1808427859375 0.6994778171875 0.181521221875 0.671818103125 0.16693490625000001 0.63412498125 0.13504856875 0.605922903125 0.09610450000000001 0.5896794562500001 0.0590640859375 0.5899236671875 0.0488875921875 0.6362943624999999 0.023107135937500002 0.66558111875 0 0.68220603125 0 0.8003600734375