2 0.40691489374999995 0.2681047765625 0.46542553125 0.2650231125 0.4946808515625 0.25577812031249997 0.5212765953125 0.235747303125 0.5212765953125 0.1833590140625 0.4920212765625 0.1602465328125 0.46010638281249994 0.15100154062499999 0.41223404218750004 0.14637904531249998 0.37765957499999997 0.1525423734375 0.34308510625 0.169491525 0.32446808437499997 0.19106317343749998 0.329787234375 0.235747303125 0.3510638296875 0.25423728749999996 0.38031914843750003 0.2634822796875 0.40691489374999995 0.2681047765625
2 0.6170212765625 0.2681047765625 0.672872340625 0.26964560937500004 0.6994680843750001 0.2650231125 0.736702128125 0.246533128125 0.752659575 0.23112480781250003 0.7553191484374999 0.20493066249999997 0.7420212765625 0.175654853125 0.71808510625 0.15716486875 0.6888297875 0.1479198765625 0.627659575 0.14637904531249998 0.5984042546875 0.1525423734375 0.5664893609375 0.16640986093750001 0.545212765625 0.187981509375 0.5425531921875 0.21879815156250002 0.5558510640625001 0.24191063124999998 0.579787234375 0.2573189515625 0.6170212765625 0.2681047765625
2 0.388297871875 0.39753466875 0.4388297875 0.3990755 0.46808510625000005 0.39599383593750004 0.4893617015625 0.3898305078125 0.5106382984375 0.3775038515625 0.5239361703125 0.3636363640625 0.53191489375 0.343605546875 0.5265957453125 0.3158705703125 0.515957446875 0.3035439140625 0.4920212765625 0.28813559375 0.454787234375 0.2758089375 0.40691489374999995 0.2742681046875 0.37234042500000003 0.2804314328125 0.34308510625 0.2927580890625 0.3218085109375 0.3143297375 0.3191489359375 0.34822804375 0.32446808437499997 0.3636363640625 0.34574468125 0.38212634843750004 0.388297871875 0.39753466875
2 0.606382978125 0.39599383593750004 0.6303191484374999 0.3990755 0.6994680843750001 0.39599383593750004 0.72074468125 0.3882896765625 0.7553191484374999 0.3636363640625 0.7579787234375 0.3297380578125 0.752659575 0.3158705703125 0.72074468125 0.28813559375 0.6968085109375 0.2788906015625 0.6515957453125 0.2742681046875 0.6010638296875 0.281972265625 0.5638297875 0.2989214171875 0.545212765625 0.3158705703125 0.5425531921875 0.3451463796875 0.5505319156249999 0.3605547 0.5664893609375 0.3775038515625 0.606382978125 0.39599383593750004
2 0.390957446875 0.525423728125 0.4414893609375 0.5269645609375 0.4734042546875 0.5223420640625 0.502659575 0.5130970718750001 0.5239361703125 0.49460708750000004 0.52925531875 0.4776579359375 0.5239361703125 0.4453004625 0.5079787234375 0.4252696453125 0.47606382968750005 0.41140215781249995 0.4015957453125 0.40986132499999994 0.3856382984375 0.41294298906250004 0.35638297812499997 0.4237288140625 0.33776595781249996 0.43605547031249997 0.327127659375 0.45146379062499997 0.32446808437499997 0.4776579359375 0.33244680781249997 0.4961479203125 0.359042553125 0.5146379046875 0.390957446875 0.525423728125
2 0.6170212765625 0.5269645609375 0.6781914890625 0.5269645609375 0.702127659375 0.523882896875 0.734042553125 0.5115562406249999 0.752659575 0.4961479203125 0.7606382984375 0.4807396 0.7579787234375 0.44067796562500006 0.702127659375 0.40832049374999996 0.6755319156249999 0.40369799687499996 0.611702128125 0.40677966093749995 0.5691489359374999 0.4237288140625 0.545212765625 0.44684129375000003 0.5425531921875 0.474576271875 0.5611702125 0.5023112484375 0.577127659375 0.5130970718750001 0.6170212765625 0.5269645609375
2 0.40691489374999995 0.6610169484374999 0.4574468078125 0.6610169484374999 0.497340425 0.650231125 0.515957446875 0.6394453 0.53191489375 0.6209553156250001 0.53457446875 0.5885978421875 0.518617021875 0.5624036984375 0.4946808515625 0.548536209375 0.452127659375 0.5392912171875001 0.40425531875000004 0.54083205 0.3537234046875 0.5562403703125 0.329787234375 0.573189521875 0.3191489359375 0.59167950625 0.3164893609375 0.6117103234375 0.33244680781249997 0.6348228046875 0.361702128125 0.650231125 0.40691489374999995 0.6610169484374999
2 0.6143617015625 0.656394453125 0.672872340625 0.6594761171875 0.7101063828124999 0.6548536203124999 0.734042553125 0.645608628125 0.7579787234375 0.62711864375 0.763297871875 0.6117103234375 0.763297871875 0.5824345140625 0.7579787234375 0.571648690625 0.731382978125 0.5516178734375 0.7074468078125 0.54083205 0.6808510640625001 0.536209553125 0.6462765953125 0.536209553125 0.6037234046875 0.54237288125 0.5664893609375 0.5593220343749999 0.547872340625 0.5824345140625 0.545212765625 0.6055469953125 0.5611702125 0.633281971875 0.5824468078125 0.645608628125 0.6143617015625 0.656394453125
2 0.390957446875 0.7858243453125 0.449468084375 0.788906009375 0.47872340468749996 0.7842835125 0.515957446875 0.7673343609375001 0.53191489375 0.74730354375 0.5372340421875 0.7164869031250001 0.5239361703125 0.6949152546875 0.497340425 0.6779661015625 0.46010638281249994 0.6656394453125001 0.4015957453125 0.6656394453125001 0.3670212765625 0.67334360625 0.33776595781249996 0.6887519265625001 0.3218085109375 0.7072419109375 0.3218085109375 0.7457627125 0.33244680781249997 0.7611710328125 0.3537234046875 0.7734976890625 0.390957446875 0.7858243453125
2 0.6170212765625 0.7858243453125 0.6515957453125 0.788906009375 0.6968085109375 0.7873651765624999 0.7420212765625 0.7704160250000001 0.7606382984375 0.7534668718749999 0.765957446875 0.7365177203125 0.7606382984375 0.7010785828125 0.747340425 0.6887519265625001 0.7127659578125 0.6702619421875 0.6462765953125 0.667180278125 0.606382978125 0.67334360625 0.5744680843750001 0.6856702625 0.5531914890625 0.7072419109375 0.5505319156249999 0.7380585515625 0.5585106390625 0.7550077046875 0.5824468078125 0.7734976890625 0.6170212765625 0.7858243453125
2 0.3670212765625 0.9152542374999999 0.388297871875 0.9214175656249999 0.4281914890625 0.9229583968749999 0.4734042546875 0.9183359015624999 0.497340425 0.910631740625 0.5265957453125 0.890600925 0.5372340421875 0.8613251156249999 0.53191489375 0.8335901390625 0.518617021875 0.8197226499999999 0.47074468124999996 0.7981510015625 0.40691489374999995 0.7950693375 0.37765957499999997 0.7996918328125 0.3510638296875 0.8089368265625 0.329787234375 0.8212634828125 0.3164893609375 0.8351309703125 0.3138297875 0.8582434515624999 0.3218085109375 0.8813559328125 0.34042553125 0.8998459171875 0.3670212765625 0.9152542374999999
2 0.6196808515625001 0.9167950687499999 0.65957446875 0.9183359015624999 0.7127659578125 0.9090909093749999 0.7553191484374999 0.884437596875 0.763297871875 0.8736517718749999 0.765957446875 0.8335901390625 0.731382978125 0.8073959937499999 0.6968085109375 0.7950693375 0.638297871875 0.7935285046875 0.606382978125 0.7996918328125 0.5664893609375 0.8212634828125 0.5505319156249999 0.8412942984375 0.5505319156249999 0.8736517718749999 0.5664893609375 0.8952234203125 0.59042553125 0.9090909093749999 0.6196808515625001 0.9167950687499999