2 0.297368534375 0.252986275 0.3158593125 0.243206153125 0.328852884375 0.211198525 0.3313516265625 0.18363641718749998 0.3243551203125 0.149850571875 0.309362571875 0.128512153125 0.291938565625 0.12041910781250001 0.2668836734375 0.1462941828125 0.253890146875 0.17296720625 0.2558891234375 0.20586392187500002 0.268382928125 0.24231706718749998 0.297368534375 0.252986275
2 0.430568896875 0.23169044687499998 0.4381026875 0.24764669375 0.453170265625 0.2591352 0.47003159375000003 0.2584969578125 0.48545793593750003 0.24381719375 0.498731765625 0.21190466875 0.496937984375 0.1850981578125 0.49227423281249993 0.16212115 0.48079415000000003 0.1423354 0.47110784843750003 0.1333998890625 0.4593340296875 0.131420571875 0.4416902171875 0.1436119109375 0.43272140937500003 0.1551004171875 0.4269813671875 0.17552440625000001 0.42411136406249994 0.20998991875 0.430568896875 0.23169044687499998
2 0.514348425 0.227860946875 0.5236759625 0.2527527078125 0.541254815625 0.2636029421875 0.5548873765625 0.26551769375 0.5710312109375 0.2578586890625 0.5843050421875 0.2336052 0.5886100640625 0.20616041875 0.5868162828125 0.1806304171875 0.5807175124999999 0.156376896875 0.5670849515625 0.1391441390625 0.5508419828125 0.131420571875 0.5416135468750001 0.1359529078125 0.5308509890625001 0.1474414140625 0.5175771921875 0.16212115 0.51291340625 0.195948425 0.514348425 0.227860946875
2 0.6854121640625 0.23378620625000002 0.702990828125 0.26253803124999997 0.7273741031250001 0.26909545625 0.7477880406249999 0.2539629171875 0.7543091171875 0.23630828125 0.7591290859375001 0.20755645625 0.7594125953125 0.18183113906249998 0.7560102765625001 0.16064558281250002 0.7449527406249999 0.1450086328125 0.7321940453125 0.133911446875 0.7224909296875001 0.1310898390625 0.7089448859374999 0.1359291109375 0.6953356109375 0.14753073125 0.685979234375 0.16922069687500002 0.682576915625 0.20099903125 0.6854121640625 0.23378620625000002
2 0.6844517390625 0.3658074421875 0.6913388874999999 0.38648410625 0.702100059375 0.405246271875 0.715013475 0.41213849375 0.730724803125 0.4109897921875 0.73976419375 0.40486336093749997 0.7509558265625 0.39184470781249997 0.7571973234375 0.37423128125 0.7599952171875 0.3474281859375 0.7599952171875 0.32713441875 0.7565516531250001 0.313349978125 0.749234025 0.294587828125 0.7361053984375 0.2831007921875 0.7241120296875 0.27977518125 0.7113546796875 0.2831007921875 0.6969346937500001 0.29573653125 0.687895303125 0.3156473859375 0.6835908374999999 0.34130175625 0.6844517390625 0.3658074421875
2 0.43211640312500005 0.3887815109375 0.4439537265625 0.40601206406249996 0.46095637656250005 0.4109897921875 0.476452475 0.40869238281250003 0.49044202031250006 0.39605664375 0.49883574062499997 0.37231675000000003 0.5014184234375 0.34819397812499997 0.5009879625 0.3263686109375 0.4964682671875 0.30569195 0.4882897578125 0.28731269375 0.47516113281249994 0.2758256578125 0.463186271875 0.275182428125 0.44438414687499994 0.284249496875 0.42953371875 0.30377745625 0.42522927343749994 0.329431828125 0.42630536562500004 0.35891522187499997 0.43211640312500005 0.3887815109375
2 0.26510290625 0.3956737328125 0.27930766406249996 0.40830946875 0.294373321875 0.40869238281250003 0.30836284687500004 0.40409756874999997 0.319984921875 0.3849524890625 0.325580728125 0.37001934375 0.32708729999999997 0.355086196875 0.326441628125 0.33096342500000003 0.32321327499999997 0.3102867640625 0.314173884375 0.290758803125 0.308578078125 0.278888875 0.2900688359375 0.2727624609375 0.2791173578125 0.278052896875 0.26553334687499996 0.294970721875 0.2567091875 0.31258416875 0.2517590515625 0.3424504609375 0.25627874687499996 0.3715509609375 0.26510290625 0.3956737328125
2 0.2551924359375 0.5179032078125 0.259281690625 0.53743116875 0.26638406875 0.5535130171875 0.27994315468750003 0.5657658421875 0.29780670625 0.567680353125 0.307706996875 0.558873621875 0.317176828125 0.5485352890625 0.324924878125 0.5313047390625 0.327722790625 0.5113938828125 0.327722790625 0.4884198140625 0.325785778125 0.468126046875 0.3195443015625 0.4505126 0.30942877968750004 0.43864266875 0.299098046875 0.4325162390625 0.2894510515625 0.43018782812499995 0.27327121718749997 0.439791371875 0.264016615625 0.44974679218749997 0.2571294484375 0.46736025625 0.254116325 0.49301462812499997 0.2551924359375 0.5179032078125
2 0.340860690625 0.5282415421875 0.3509761921875 0.5473865859375 0.36324393593750004 0.5604052390625001 0.37551168125 0.565000053125 0.3903621078125 0.56231973125 0.398755828125 0.557342021875 0.40757998906250004 0.542408878125 0.41296060468749995 0.524029621875 0.41532803749999997 0.5060332609375 0.4142519453125 0.48420789375 0.41209968437500005 0.46697734375 0.40435163437500005 0.4485980890625 0.39531224374999996 0.43557945625 0.38412063125 0.4283043390625 0.374704021875 0.42903963906250003 0.3582938 0.44208878125 0.34602605625 0.45740481875 0.34043022968750003 0.4780814828125 0.34043022968750003 0.5006726578125 0.340860690625 0.5282415421875
2 0.340860690625 0.6907421140625 0.350330521875 0.7118016890625001 0.36109169375 0.7217571078125 0.37744869375 0.72482030625 0.392944790625 0.720608403125 0.40306029375 0.7052923468750001 0.4114540125 0.689976321875 0.41360627499999997 0.6715970671875 0.41468236718749996 0.654366496875 0.41296060468749995 0.6333069421874999 0.4080104484375 0.6122473640625 0.40047760937500004 0.598462921875 0.39143822031250003 0.5881245921875 0.3817531578125 0.5839126921875 0.3733594390625 0.58467848125 0.36340154375 0.590360075 0.3494696203125 0.604589353125 0.3410759 0.6176079859375 0.336986665625 0.6401991609375 0.335910534375 0.66585355 0.340860690625 0.6907421140625
2 0.5104196875 0.519052428125 0.5155850531249999 0.536665875 0.525054884375 0.55504513125 0.5399053109375 0.564617653125 0.55217305625 0.5638518640625 0.5665930421875001 0.5573425390625 0.578215115625 0.5466213109375 0.5831652515625 0.5267104390624999 0.5840261531250001 0.5079482890625 0.5840261531250001 0.4907177359375 0.5827348109375 0.47348718281249996 0.5764933140624999 0.45893693593749996 0.5685300546875001 0.443238 0.5594906640625 0.43519707500000004 0.5481163140625 0.43478058124999996 0.531726821875 0.4397918890625 0.5209656296875 0.452427628125 0.512571909375 0.470041075 0.5091283453125001 0.5002902578125 0.5104196875 0.519052428125
2 0.5977025609375 0.51828661875 0.6011461453125 0.5362829812500001 0.6095398640624999 0.5538964281250001 0.6177183546875 0.5638518640625 0.6282643171875 0.56768086875 0.64117773125 0.56768086875 0.65086279375 0.5642347578125 0.6622696359375 0.5519819171875 0.6713090265625 0.52977365625 0.6751830515624999 0.50373636875 0.6743221515625 0.472721378125 0.6637762078125 0.44630119687500003 0.6476344390625 0.4336654578125 0.63433806875 0.43363239218749994 0.619870596875 0.444386703125 0.609755075 0.45587373593749997 0.6011461453125 0.4731042890625 0.5968416609375 0.486122921875 0.5977025609375 0.51828661875
2 0.516671109375 0.687090675 0.5280310734375 0.70997589375 0.5428992453125 0.7180005828125 0.559438003125 0.719783846875 0.5724685390625 0.7126507890625 0.5819908546875 0.6989790859375 0.5886731859375 0.679363178125 0.588840234375 0.6603417078125 0.588840234375 0.6312150359375 0.5844967265625 0.6151656562500001 0.5766449984375 0.59822464375 0.564282684375 0.584552953125 0.5525361390625 0.5839056609375 0.5454051171875001 0.5827696890625 0.527696946875 0.5943609078125001 0.518508759375 0.6133823921875 0.5136640625 0.6475616359374999 0.516671109375 0.687090675
2 0.6815131359375 0.6439951078124999 0.6825154859375 0.6698524421875 0.691202515625 0.69244046875 0.69922130625 0.7064093640625 0.7052354000000001 0.7153256859375 0.7145906515625 0.7194866281250001 0.7237788562499999 0.7194866281250001 0.73463763125 0.7159201000000001 0.7426564234375 0.70997589375 0.7515105 0.6954125578125 0.7556869749999999 0.6826325140625 0.7590281171875 0.6686635921875 0.7590281171875 0.64815605 0.7588610703125 0.63210666875 0.7530140234375 0.6133823921875 0.7414870109375 0.5973330109375 0.7314635218750001 0.5901999531250001 0.7224829890625 0.5874705921875 0.7127530171875 0.5907943812500001 0.7023954015625 0.5958469671875 0.6927060390625 0.6077353921875 0.6868589921875 0.6228931390625 0.6815131359375 0.6439951078124999
2 0.25031059375 0.8182354109375 0.2544870375 0.8372569078125001 0.25999995625 0.8521174390624999 0.26851992187499996 0.8619253921875 0.27921165000000003 0.86876123125 0.293244534375 0.8675724062500001 0.30443743749999996 0.8651947 0.3142938625 0.8482536890624999 0.323816178125 0.8339875718749999 0.32632205000000003 0.8188298250000001 0.326823225 0.79653901875 0.3241502890625 0.772464946875 0.3167997359375 0.7534434640625001 0.3079456578125 0.7415550390625001 0.29959274062499996 0.7347191890625 0.28909345625 0.7314046000000001 0.274534015625 0.739771775 0.265512875 0.7469048328125 0.25348468749999997 0.76889841875 0.24747059375 0.7864338578125001 0.25031059375 0.8182354109375
2 0.4320262078125 0.839040175 0.4422167453125 0.8547923328125 0.44940025156249996 0.8646002890625001 0.4639343109375 0.8672751859375 0.47496014999999997 0.86430306875 0.48765657500000004 0.85271185 0.49500712968749994 0.8372569078125001 0.5000188734375001 0.83042104375 0.5011882859375001 0.80723860625 0.5011882859375001 0.7810840640625 0.4970118265625 0.76325141875 0.48982832031249995 0.7504713609375 0.482310703125 0.7388801421875 0.4742919125 0.7311526578125 0.4637672484375 0.7314498640625 0.4520218515625 0.73675199375 0.440045 0.748985303125 0.430355621875 0.7686012140625 0.4251768125 0.7867310640625 0.42634622499999997 0.8194242640624999 0.4320262078125 0.839040175
2 0.5927057109375 0.8036720781250001 0.5973833296875 0.8333931609375 0.6094115171875 0.8547923328125 0.6196020703125 0.8663835531249999 0.6286232109375 0.8711389328125 0.6386467 0.8699500828125 0.6521784109375 0.8598449078125 0.662703075 0.8420122640625 0.6677148203125001 0.8209103078125001 0.66938540625 0.7920808578125 0.6670465828125 0.76889841875 0.6586936796875 0.7498769359375 0.6464984281249999 0.7373940859375 0.6340003375000001 0.734078296875 0.6239455765625 0.736205246875 0.611416215625 0.7469048328125 0.602395075 0.758496053125 0.59537863125 0.77959800625 0.5927057109375 0.8036720781250001
2 0.682930190625 0.8185326328125001 0.6884431109375 0.8396345859375 0.69295368125 0.8547923328125 0.7106618359375 0.871733346875 0.7228570859375 0.8711389328125 0.7325464640625 0.8699500828125 0.741734653125 0.8613309812500001 0.7487510953125 0.8491453218749999 0.7535957921875001 0.8372569078125001 0.7564357921875 0.8206130890625 0.7576051890625 0.8018888109375 0.7535957921875001 0.7733565812500001 0.7455770015625001 0.7555239359375 0.73338175 0.7415550390625001 0.7197257390625 0.7380888421875 0.7041465671875 0.7460131999999999 0.6956266015625 0.7555239359375 0.6861042859375 0.7683040078125 0.681092540625 0.795052975 0.682930190625 0.8185326328125001