3 0.0741139375 0.65715571875 0.1070643625 0.6754749765625 0.13025173750000002 0.6968474328125 0.14489637187499999 0.722799703125 0.16198174062499998 0.7632547421875 0.179677378125 0.6235704 0.1943220125 0.6151740625000001 0.2279941875 0.6047660687499999 0.2065258546875 0.578535546875 0.17052448125 0.5579263812499999 0.1375740546875 0.5663227203125001 0.09791146875 0.600671328125 0.076554728125 0.6327300296875 0.0741139375 0.65715571875
3 0 0.798263996875 0.008823296875 0.8029464578125 0.0356717734375 0.8388217171875001 0.05092661875 0.89835930625 0.07838530625 0.7289061328125 0.13147210468749998 0.7113501671875 0.16381232031249998 0.7685978484375 0.14306579218749998 0.709060259375 0.1174376828125 0.6838712796874999 0.088758571875 0.6609722078125 0.0448837890625 0.663132509375 0.024078142187500002 0.6777648828125 0 0.7005383578125 0 0.798263996875
3 0 0.9805409609375 0.022995725 0.9799538859375 0.042411259374999996 0.9731760484375 0.051893259375 0.9319442312499999 0.050990184375000004 0.893536446875 0.037444471875 0.8415730359375001 0.0126106921875 0.813332059375 0 0.7985640109375 0 0.9805409609375
3 0.367703884375 0.8117043265625 0.39161258125 0.6760030703125001 0.4494216390625 0.6706464421875 0.4701187203125 0.698768740625 0.4797535625 0.7612627187500001 0.46940500625 0.6804669203125 0.45727226249999997 0.64609521875 0.4401436515625 0.624222328125 0.40945487187499996 0.5974391875 0.38162087968749997 0.593868096875 0.3427246828125 0.6023494375 0.31917284375 0.6215440125 0.29455046875 0.6510054671875001 0.281565203125 0.69153814375 0.280990296875 0.698768740625 0.3048989921875 0.712160309375 0.33201930156250004 0.7376042921875 0.355214284375 0.7911705718750001 0.367703884375 0.8117043265625
3 0.1810237140625 0.8118923609375001 0.2095713859375 0.830640559375 0.23348008125000003 0.8547453859375 0.2541771296875 0.8913490234375001 0.26416883125 0.9288454187499999 0.280583759375 0.8243911734375 0.2880775265625 0.7864483796874999 0.341247609375 0.7752887234375 0.356591965625 0.7868947578125 0.3308990515625 0.7377923281250001 0.2959281171875 0.704313403125 0.25524766875 0.694046546875 0.22909379843750002 0.7029158734375 0.2192062296875 0.7069917171875 0.19922286250000001 0.7261863140625 0.16924779375000001 0.7748423437499999 0.1646087859375 0.8078748906250001 0.1810237140625 0.8118923609375001
3 0.271359490625 1 0.273610378125 0.9788153562499999 0.262904996875 0.9198924484375001 0.243992134375 0.8725755734374999 0.20652330000000002 0.8261514578125 0.163344953125 0.8065105015625 0.126292678125 0.8120082078124999 0.09732841406250001 0.8377574921875001 0.070208134375 0.8806105375 0.055577425 0.9373014890625001 0.0559342828125 0.998902709375 0.0564148296875 1 0.271359490625 1
3 0.4776336609375 0.7693162859375 0.50189918125 0.7693162859375 0.5268784140625 0.7809223390625 0.5486460015625 0.8019024515625001 0.563990390625 0.8291319906249999 0.5775505296875 0.8577006468749999 0.5939654921875 0.7447651 0.6028866203125001 0.7282488171875 0.6485629359375 0.7170891609375001 0.6325048640625 0.6943234921875 0.6085961359375001 0.6720042234375 0.5765829984375 0.6620899078125 0.5507870765625 0.6670939734375 0.52330994375 0.6818247015625001 0.49583280937499996 0.716196403125 0.47799048437499997 0.759049428125 0.4776336609375 0.7693162859375
3 0.474109875 1 0.49874681875000004 0.8627750531249999 0.50796673125 0.8447965921874999 0.55298154375 0.8369946109375 0.5630150015625001 0.84140441875 0.57820069375 0.8648103515625 0.5744042953124999 0.847849540625 0.549727459375 0.8034121859375001 0.5117631546875 0.7762748671875 0.4800358359375 0.7694905484375 0.4684300828125 0.7711518484375001 0.4412580109375 0.7800062515625 0.41603885937499996 0.8034121859375001 0.39461613125 0.8492064015624999 0.3826845 0.8933045296875 0.381599796875 0.9028026 0.40736128593750004 0.9112830203125 0.433936321875 0.9370634484375 0.45671490937500003 0.9706458734375 0.4701240734375 1 0.474109875 1
3 0.469966521875 1 0.46766887500000004 0.9911161999999999 0.44950023281249996 0.9582122125 0.42645046249999996 0.9287003859375 0.400146634375 0.909704259375 0.3781815671875 0.9039375765625 0.3516563578125 0.9069470781250001 0.3244891828125 0.9195415406249999 0.29574476562499996 0.9514278796875001 0.278660825 0.9934907093750001 0.2776674109375 1 0.469966521875 1
3 0.6948788343750001 0.8208925624999999 0.70491226875 0.8222494234375001 0.7363684046875 0.83921025 0.7615875546875001 0.8670260078125 0.7808408765625 0.9046790296875 0.790874309375 0.9396183 0.7960266171875 0.9375830015625001 0.8865986046875 0.9223182624999999 0.897174378125 0.9101064703124999 0.897174378125 0.8917887859375 0.897174378125 0.8690613062500001 0.8944626578125 0.8320867062499999 0.8830733640625 0.7876493499999999 0.8578542140625001 0.747282590625 0.8215169265625001 0.72557274375 0.8024761765624999 0.723343790625 0.7689092421875 0.72659039375 0.7472153578125 0.7374453265625001 0.7238944078125 0.76220811875 0.701929340625 0.79612975625 0.6948788343750001 0.8208925624999999
3 0.8003600734375 1 0.8014391484375001 0.986051709375 0.7960156578124999 0.9453457390625 0.7816434375 0.9039613140625 0.7572378078125 0.8618984859375001 0.7390691875 0.8398494109374999 0.6994778171875 0.8191572140625001 0.671818103125 0.818478778125 0.63412498125 0.8330650937499999 0.605922903125 0.86495143125 0.5896794562500001 0.9038955 0.5899236671875 0.9409359140625 0.6362943624999999 0.9511124078125001 0.66558111875 0.9768928640625001 0.68220603125 1 0.8003600734375 1