3 0.7632547421875 0.838018259375 0.6235704 0.820322621875 0.6151740625000001 0.8056779875 0.6047660687499999 0.7720058125 0.578535546875 0.7934741453124999 0.5579263812499999 0.82947551875 0.5663227203125001 0.8624259453124999 0.600671328125 0.9020885312500001 0.6327300296875 0.9234452718749999 0.65715571875 0.9258860625 0.6754749765625 0.8929356374999999 0.6968474328125 0.8697482624999999 0.722799703125 0.855103628125 0.7632547421875 0.838018259375
3 0.798263996875 1 0.8029464578125 0.991176703125 0.8388217171875001 0.9643282265625001 0.89835930625 0.9490733812500001 0.7289061328125 0.9216146937499999 0.7113501671875 0.8685278953125 0.7685978484375 0.8361876796875001 0.709060259375 0.8569342078125001 0.6838712796874999 0.8825623171875 0.6609722078125 0.9112414281250001 0.663132509375 0.9551162109375 0.6777648828125 0.9759218578125 0.7005383578125 1 0.798263996875 1
3 0.9805409609375 1 0.9799538859375 0.977004275 0.9731760484375 0.9575887406250001 0.9319442312499999 0.948106740625 0.893536446875 0.949009815625 0.8415730359375001 0.962555528125 0.813332059375 0.9873893078125 0.7985640109375 1 0.9805409609375 1
3 0.7612627187500001 0.5202464375 0.6804669203125 0.5305949937500001 0.64609521875 0.5427277375 0.624222328125 0.5598563484375 0.5974391875 0.590545128125 0.593868096875 0.6183791203125 0.6023494375 0.6572753171875 0.6215440125 0.68082715625 0.6510054671875001 0.70544953125 0.69153814375 0.718434796875 0.698768740625 0.719009703125 0.712160309375 0.6951010078125 0.7376042921875 0.6679806984375001 0.7911705718750001 0.6447857156250001 0.8117043265625 0.632296115625 0.6760030703125001 0.60838741875 0.6706464421875 0.5505783609375 0.698768740625 0.5298812796875 0.7612627187500001 0.5202464375
3 0.9288454187499999 0.73583116875 0.8243911734375 0.719416240625 0.7864483796874999 0.7119224734375 0.7752887234375 0.658752390625 0.7868947578125 0.6434080343749999 0.7377923281250001 0.6691009484375 0.704313403125 0.7040718828125 0.694046546875 0.7447523312500001 0.7029158734375 0.7709062015625 0.7069917171875 0.7807937703125 0.7261863140625 0.8007771375000001 0.7748423437499999 0.83075220625 0.8078748906250001 0.8353912140625 0.8118923609375001 0.8189762859374999 0.830640559375 0.7904286140625 0.8547453859375 0.76651991875 0.8913490234375001 0.7458228703125 0.9288454187499999 0.73583116875
3 1 0.728640509375 0.9788153562499999 0.726389621875 0.9198924484375001 0.737095003125 0.8725755734374999 0.756007865625 0.8261514578125 0.7934767 0.8065105015625 0.836655046875 0.8120082078124999 0.873707321875 0.8377574921875001 0.9026715859375001 0.8806105375 0.9297918656249999 0.9373014890625001 0.9444225749999999 0.998902709375 0.9440657171875 1 0.9435851703125 1 0.728640509375
3 0.8291319906249999 0.436009609375 0.8577006468749999 0.4224494703125 0.7447651 0.40603450781249995 0.7282488171875 0.3971133796875 0.7170891609375001 0.3514370640625 0.6943234921875 0.3674951359375 0.6720042234375 0.3914038640625 0.6620899078125 0.42341700156249995 0.6670939734375 0.44921292343749997 0.6818247015625001 0.47669005625 0.716196403125 0.504167190625 0.759049428125 0.522009515625 0.7693162859375 0.5223663390625 0.7693162859375 0.49810081874999995 0.7809223390625 0.47312158593750003 0.8019024515625001 0.4513539984375 0.8291319906249999 0.436009609375
3 1 0.525890125 0.8627750531249999 0.50125318125 0.8447965921874999 0.49203326875000003 0.8369946109375 0.44701845625000003 0.84140441875 0.43698499843749994 0.8648103515625 0.42179930624999995 0.847849540625 0.4255957046875 0.8034121859375001 0.450272540625 0.7762748671875 0.4882368453125 0.7694905484375 0.5199641640625 0.7711518484375001 0.5315699171875 0.7800062515625 0.5587419890625 0.8034121859375001 0.583961140625 0.8492064015624999 0.6053838687499999 0.8933045296875 0.6173155 0.9028026 0.618400203125 0.9112830203125 0.5926387140625 0.9370634484375 0.566063678125 0.9706458734375 0.543285090625 1 0.5298759265624999 1 0.525890125
3 1 0.530033478125 0.9911161999999999 0.532331125 0.9582122125 0.5504997671875 0.9287003859375 0.5735495375 0.909704259375 0.599853365625 0.9039375765625 0.6218184328125 0.9069470781250001 0.6483436421875 0.9195415406249999 0.6755108171875001 0.9514278796875001 0.7042552343749999 0.9934907093750001 0.721339175 1 0.7223325890625001 1 0.530033478125
3 0.9046790296875 0.21915912343750002 0.9396183 0.209125690625 0.9375830015625001 0.20397338281250002 0.9223182624999999 0.1134013953125 0.9101064703124999 0.102825621875 0.8917887859375 0.102825621875 0.8690613062500001 0.102825621875 0.8320867062499999 0.1055373421875 0.7876493499999999 0.1169266359375 0.747282590625 0.1421457859375 0.72557274375 0.1784830734375 0.723343790625 0.1975238234375 0.72659039375 0.23109075781250002 0.7374453265625001 0.2527846421875 0.76220811875 0.2761055921875 0.79612975625 0.298070659375 0.8208925624999999 0.305121165625 0.8222494234375001 0.29508773125 0.83921025 0.2636315953125 0.8670260078125 0.2384124453125 0.9046790296875 0.21915912343750002
3 1 0.19963992656250001 0.986051709375 0.1985608515625 0.9453457390625 0.2039843421875 0.9039613140625 0.2183565625 0.8618984859375001 0.2427621921875 0.8398494109374999 0.2609308125 0.8191572140625001 0.3005221828125 0.818478778125 0.328181896875 0.8330650937499999 0.36587501875 0.86495143125 0.394077096875 0.9038955 0.41032054375 0.9409359140625 0.4100763328125 0.9511124078125001 0.36370563749999996 0.9768928640625001 0.33441888125 1 0.31779396875 1 0.19963992656250001