3 1 0.0541862328125 0.9956743984375 0.05317857031249999 0.9634155906249999 0.05623966406250001 0.926348046875 0.075789615625 0.9098179390625001 0.1018562328125 0.901803371875 0.13042923906249998 0.90280518125 0.17203553124999998 0.9193352890625001 0.2036162234375 0.9579055234375 0.226173859375 0.9989803531250001 0.22918154375 1 0.22883681562499997 1 0.0541862328125
3 0.8055236703125 0.0471659 0.7750725328125 0.0487204515625 0.7425132453125001 0.0647614453125 0.7164657875 0.099349821875 0.7094530296875 0.1389509984375 0.717467596875 0.18356499843750002 0.7349995593750001 0.20812775 0.76555518125 0.22467001718750002 0.7976135875 0.23419436718750003 0.829171065625 0.2301841359375 0.86223128125 0.20913032031249998 0.8872768828125001 0.1765470578125 0.8952914968749999 0.136444609375 0.8872768828125001 0.099349821875 0.8687431578125 0.069272971875 0.840191153125 0.053733275000000004 0.8055236703125 0.0471659
3 0.6243919484375 0.052426985937500004 0.59269906875 0.05273070625 0.5621434453124999 0.06325760312499999 0.541105128125 0.0858152390625 0.5265786390625 0.119401046875 0.5250759015625001 0.165017615625 0.5466151484374999 0.1960970109375 0.5736644156249999 0.21614825781250002 0.60371915625 0.22416876718749998 0.6387830359375 0.22216362812499998 0.6693386593749999 0.2026136765625 0.6928815687500001 0.1760457859375 0.7023988734375 0.13995356718750002 0.6953861156250001 0.10235750625 0.6728450593749999 0.0702755421875 0.6447939828125 0.054234548437499995 0.6243919484375 0.052426985937500004
3 0.622021440625 0.24204674375000002 0.5946984921875 0.2413485453125 0.56614956875 0.2535383671875 0.542549103125 0.277918046875 0.529606946875 0.30115491250000004 0.5250391203125 0.331248559375 0.5280843265625 0.3605803703125 0.54559434375 0.3861028125 0.5745238968749999 0.41048249062500003 0.6110665187500001 0.41581553125 0.647989803125 0.40705410000000003 0.678822640625 0.3811507140625 0.6970939515625 0.3491524015625 0.7020424421875 0.3156303453125 0.6929067875 0.2862985515625 0.6696869859375 0.26001422343749997 0.647989803125 0.24706252968750003 0.622021440625 0.24204674375000002
3 0.8092569718749999 0.24519775312499997 0.7777045015625 0.245874590625 0.7464176765625 0.2587116375 0.72138818125 0.2796892375 0.7057447671875 0.31569557187499997 0.7057447671875 0.357024584375 0.7232653921875001 0.39522263281250003 0.7451661921875 0.4108775515625 0.774262959375 0.4255931765625 0.803359725 0.4274717671875 0.834646578125 0.42152291406250003 0.8690620984375 0.39397022812500004 0.8868956000000001 0.3582769890625 0.887521328125 0.316634865625 0.870939309375 0.27937614375 0.8449712375 0.2587116375 0.8092569718749999 0.24519775312499997
3 1 0.24704284843750002 0.9825295203125 0.2452483890625 0.9581257828125 0.2508841625 0.9393536750000001 0.257772340625 0.92058156875 0.2734272609375 0.9083796984375001 0.29127388125000003 0.89993225 0.3191396734375 0.8993064937499999 0.343561365625 0.9043123984375001 0.37111402187500003 0.9202686890624999 0.39553571249999997 0.9409180078125001 0.40962514843750003 0.9659474734375 0.41964432343749997 0.997234328125 0.42152291406250003 1 0.420681746875 1 0.24704284843750002
3 0.39178127812499997 0.060863365625 0.3672781484375 0.061063821875 0.34521223437500004 0.06533778125 0.31780783281249997 0.08670757812499999 0.302148178125 0.1105705109375 0.295386040625 0.144762184375 0.301792265625 0.1875017765625 0.32955258125000003 0.21670717499999997 0.3612278 0.23024136718750002 0.4028682734375 0.23309069531249998 0.43418761406249995 0.2135017046875 0.45945660625 0.1871456171875 0.469065946875 0.14654300625 0.462303840625 0.1087897046875 0.4402379265625 0.0835021078125 0.42030745625000004 0.0703240640625 0.39178127812499997 0.060863365625
3 0.1963353625 0.0528532875 0.1586874328125 0.05536520625 0.136621553125 0.0717487203125 0.11882645781250001 0.09133769375 0.1067258296875 0.1198307609375 0.10245501093750001 0.147967653125 0.11135252656250001 0.1882141078125 0.14480727499999999 0.22098113437500003 0.1839564265625 0.23166603125 0.22773230781249998 0.2305975421875 0.260119353125 0.20709076718750002 0.284320640625 0.1615018640625 0.2775585359375 0.1087897046875 0.25442491718750004 0.0742418578125 0.2238174015625 0.0585706765625 0.1963353625 0.0528532875
3 0 0.22982407187499998 0.0251980609375 0.225967409375 0.0558055765625 0.211364725 0.080362778125 0.1839401484375 0.0867690046875 0.15402243437500002 0.08214230781250001 0.111639 0.0611440984375 0.0820774609375 0.0323160796875 0.0624884703125 0.0126375625 0.056057320312500006 0 0.05606569375 0 0.22982407187499998
3 0 0.4251456921875 0.0253538125 0.42429284999999994 0.062367585937500004 0.4036353703125 0.0833657609375 0.37371765625000003 0.09048378124999999 0.33560818124999997 0.0826539703125 0.2957179 0.055249535937500004 0.2650878546875 0.0253538125 0.2472796859375 0 0.2457958875 0 0.4251456921875
3 0.2091514890625 0.2504352234375 0.1766716390625 0.24656736875 0.1403696890625 0.26081389375 0.117947896875 0.2782658890625 0.1033559140625 0.3060466234375 0.10050868125000001 0.35662181875 0.11830377656249999 0.39686825625 0.1503349078125 0.42286818593750003 0.1862809796875 0.42892295 0.2350394703125 0.419662715625 0.26493519375 0.3865395328125 0.2820184640625 0.3491423890625 0.2766799421875 0.3056904671875 0.255681765625 0.272211125 0.23148044375 0.2554714453125 0.2091514890625 0.2504352234375
3 0.389111253125 0.2493672140625 0.3592717421875 0.2504851546875 0.3307996015625 0.262950875 0.3130045390625 0.2875261390625 0.2969889734375 0.3163753640625 0.29307406875 0.3494985640625 0.3130045390625 0.3904573171875 0.3404089421875 0.4136079515625 0.37813450937500004 0.42429284999999994 0.4137246671875 0.416813421875 0.450382496875 0.3943751359375 0.4674657671875 0.355909503125 0.4649744796875 0.3106767578125 0.4425526859375 0.2750604203125 0.41194513749999995 0.2511974859375 0.389111253125 0.2493672140625
3 0.6309830796875 0.55407825625 0.600052759375 0.5582501453125001 0.5687041640625 0.57367884375 0.550203334375 0.5983647609375 0.539411184375 0.623564959375 0.537355475 0.653908075 0.5466058890625 0.6914512328125 0.5753849875 0.7238514984375 0.610844909375 0.7367087625 0.6637778515625 0.7310515890625 0.6925569031250001 0.71099428125 0.711571659375 0.68270831875 0.719794265625 0.6441365734375 0.7105438515625 0.603507653125 0.6781674015625 0.567507365625 0.6309830796875 0.55407825625
3 0.8337794437499999 0.5725843890625 0.8030479953125 0.5695645171875 0.7696436906249999 0.5819074765625001 0.74497591875 0.6029933703125 0.7341837671875 0.6374507890625 0.738808975 0.677051121875 0.763476746875 0.7115085390625 0.8056175390625 0.7325944578125 0.857008746875 0.724365803125 0.8842460624999999 0.6904226687499999 0.8981216828124999 0.6503080531250001 0.8801347828124999 0.60093621875 0.8513556843750001 0.577793171875 0.8337794437499999 0.5725843890625
3 1 0.57116960625 0.9954697796875 0.57050106875 0.96129835625 0.579895728125 0.9372656796875001 0.5990608468749999 0.9203677109375 0.6242385453125 0.91473505625 0.6509194 0.9154860640625 0.6745939562500001 0.9275024203125 0.7031537343750001 0.953037115625 0.721567290625 0.97744528125 0.7324650921875 1 0.7315622453125 1 0.57116960625
3 1 0.762179434375 0.9961579625000001 0.7616514453125001 0.97256366875 0.7669965000000001 0.9474044609375 0.77864588125 0.9327595546874999 0.797435234375 0.9207432328125 0.8177277125 0.918865659375 0.8496695515624999 0.9293799609375 0.8819872234374999 0.9519105859374999 0.9071649046875001 0.976694271875 0.9214448187500001 1 0.9259035843750001 1 0.762179434375
3 0.819241865625 0.7537634671875 0.7896652265624999 0.7564744812499999 0.76638359375 0.764366 0.7464815203125 0.78052481875 0.7337141890625001 0.8000657171875 0.7247019390625 0.8226129140625 0.723950896875 0.8496695515624999 0.7314611265625001 0.8797325046875001 0.7446039796874999 0.9030312625000001 0.770514196875 0.92219638125 0.8009305390625 0.9312152593749999 0.8279672874999999 0.9327184171875 0.8557550468749999 0.923323740625 0.8764081296875 0.904534421875 0.8918040453125 0.88424194375 0.9015673375000001 0.8504211484375 0.8978122234375 0.82073399375 0.8850448578125001 0.7929257953125 0.8613877015625 0.7692512203125 0.8414856625 0.7579776218750001 0.819241865625 0.7537634671875
3 0.62542295625 0.748129196875 0.602998465625 0.7497103218750001 0.5755861609374999 0.7594807625 0.5560596421875 0.779773240625 0.5395371609375 0.8057025171875001 0.5320269984375 0.8350138734374999 0.5380351421875 0.8684589046875001 0.5586881921875 0.9004007453125 0.5819698609375 0.9210690203125 0.6183943796875 0.9304636984375 0.6544433781250001 0.9255784609375001 0.6867372609375 0.9041586234375 0.7032597421875 0.881611425 0.7107699390625 0.85004535 0.711520946875 0.8177277125 0.6976270859375 0.7914226375 0.670965825 0.7624870609375 0.646557659375 0.7497103218750001 0.62542295625 0.748129196875
3 0.40005213125 0.5610714125 0.37531871250000004 0.5610816109375001 0.3486574515625 0.5731067890625 0.329130934375 0.5888898265625 0.31335949687500003 0.6084307250000001 0.303596203125 0.638869440625 0.3062247890625 0.6760723171875 0.319367640625 0.7102689109375 0.34940849531249996 0.73920446875 0.382828909375 0.755739103125 0.42300851093749997 0.75498750625 0.46281262500000003 0.7339434671875 0.48083712500000003 0.7046321109375 0.48947386875000004 0.66667765625 0.4834657078125 0.6264684828125 0.47144935312499997 0.599036065625 0.44591465625 0.5757372890625 0.4267636265625 0.5674699890625 0.40005213125 0.5610714125
3 0.21975547187500002 0.5543102875 0.1927951484375 0.5535658812500001 0.1695134796875 0.55769953125 0.1436032625 0.5719794281249999 0.127080815625 0.5903929671875 0.116191025 0.6095580859374999 0.1098073265625 0.6358631609375001 0.1086807953125 0.663671359375 0.11769304375 0.68621855625 0.13797060625 0.7155299109375 0.1665094078125 0.7346950296875 0.1991788125 0.7425865484374999 0.2295951546875 0.738077109375 0.2555053734375 0.7249245890625 0.274656403125 0.7068868312500001 0.290427840625 0.685842775 0.30019110000000004 0.6516461984374999 0.293807434375 0.6144433234375 0.27878700625 0.5881382484375 0.2577584359375 0.5693489203125 0.23672986406250002 0.55769953125 0.21975547187500002 0.5543102875
3 0 0.7337948234375 0.0168195484375 0.736276459375 0.052770181250000006 0.7250336046875 0.085831925 0.699335709375 0.0999553734375 0.6717104546875 0.10637511875000001 0.648261121875 0.1018813015625 0.6148538390625 0.08454796406250001 0.5820890078125001 0.0559800671875 0.5602457828125 0.026449178125 0.5490029515625 0.0106394625 0.5462705296875 0 0.5474033625 0 0.7337948234375
3 0 0.9313136312499999 0.0216343625 0.9327897859375 0.060473885937500006 0.9151224656249999 0.09385659843750001 0.87850295 0.10348622968750001 0.8460593390625 0.10091833750000001 0.8120096171875 0.08807881875 0.7830994734375001 0.0656096984375 0.7625411390625 0.0396096953125 0.7471223953125 0.013047559375 0.7456610375 0 0.7477067078124999 0 0.9313136312499999
3 0.2119564484375 0.754330190625 0.1896922703125 0.7545105484375 0.1608033765625 0.7641472625 0.1405811515625 0.7773174453125 0.1229268453125 0.7988394375000001 0.1139391796875 0.8232524421875 0.11169225625000001 0.8508776953125 0.11843299843749999 0.8791453875 0.13672929843749998 0.9029159703125 0.1643342609375 0.9225106046875 0.199963896875 0.929898771875 0.237840428125 0.9231530703124999 0.26608735625 0.9009886265624999 0.2811737828125 0.8756119359375001 0.28791452500000003 0.8447744484375 0.2869515609375 0.8161855234375001 0.27218613125 0.7850268171875 0.2522848734375 0.7667170578125 0.23238364531250003 0.75932890625 0.2119564484375 0.754330190625
3 0.37251479062500004 0.7562437937500001 0.34400858749999996 0.765823340625 0.31769215625 0.787960665625 0.3062502296875 0.8108613531250001 0.2978594375 0.8440673484375001 0.307012978125 0.88948705 0.328371265625 0.91505949375 0.358120275 0.9310899750000001 0.40045540312499994 0.938723525 0.4340184015625 0.9257464578124999 0.45728366249999997 0.9024641156250001 0.4771163140625 0.868494740625 0.4759721203125 0.8322353328125001 0.4664372046875 0.80131940625 0.4435533515625 0.77612865 0.423720665625 0.7616248765625 0.4008368125 0.7566630671875 0.37251479062500004 0.7562437937500001