3 0.838018259375 0.2367452578125 0.820322621875 0.3764296 0.8056779875 0.3848259375 0.7720058125 0.39523393125 0.7934741453124999 0.421464453125 0.82947551875 0.44207361875 0.8624259453124999 0.4336772796875 0.9020885312500001 0.399328671875 0.9234452718749999 0.3672699703125 0.9258860625 0.34284428125 0.8929356374999999 0.3245250234375 0.8697482624999999 0.3031525671875 0.855103628125 0.277200296875 0.838018259375 0.2367452578125
3 1 0.201736003125 0.991176703125 0.19705354218749999 0.9643282265625001 0.1611782828125 0.9490733812500001 0.10164069375 0.9216146937499999 0.2710938671875 0.8685278953125 0.2886498328125 0.8361876796875001 0.2314021515625 0.8569342078125001 0.290939740625 0.8825623171875 0.3161287203125 0.9112414281250001 0.3390277921875 0.9551162109375 0.336867490625 0.9759218578125 0.32223511718750003 1 0.2994616421875 1 0.201736003125
3 1 0.0194590390625 0.977004275 0.020046114062500002 0.9575887406250001 0.026823951562499997 0.948106740625 0.06805576875 0.949009815625 0.106463553125 0.962555528125 0.1584269640625 0.9873893078125 0.186667940625 1 0.20143598906250001 1 0.0194590390625
3 0.5202464375 0.23873728125000002 0.5305949937500001 0.3195330796875 0.5427277375 0.35390478124999997 0.5598563484375 0.375777671875 0.590545128125 0.4025608125 0.6183791203125 0.406131903125 0.6572753171875 0.3976505625 0.68082715625 0.3784559875 0.70544953125 0.34899453281250004 0.718434796875 0.30846185625 0.719009703125 0.301231259375 0.6951010078125 0.287839690625 0.6679806984375001 0.2623957078125 0.6447857156250001 0.208829428125 0.632296115625 0.1882956734375 0.60838741875 0.3239969296875 0.5505783609375 0.32935355781250003 0.5298812796875 0.301231259375 0.5202464375 0.23873728125000002
3 0.73583116875 0.07115458125 0.719416240625 0.17560882656250001 0.7119224734375 0.2135516203125 0.658752390625 0.22471127656249998 0.6434080343749999 0.21310524218750002 0.6691009484375 0.262207671875 0.7040718828125 0.295686596875 0.7447523312500001 0.305953453125 0.7709062015625 0.2970841265625 0.7807937703125 0.2930082828125 0.8007771375000001 0.2738136859375 0.83075220625 0.22515765625 0.8353912140625 0.192125109375 0.8189762859374999 0.1881076390625 0.7904286140625 0.169359440625 0.76651991875 0.1452546140625 0.7458228703125 0.1086509765625 0.73583116875 0.07115458125
3 0.728640509375 0 0.726389621875 0.021184643750000003 0.737095003125 0.0801075515625 0.756007865625 0.1274244265625 0.7934767 0.1738485421875 0.836655046875 0.19348949843750002 0.873707321875 0.1879917921875 0.9026715859375001 0.1622425078125 0.9297918656249999 0.1193894625 0.9444225749999999 0.0626985109375 0.9440657171875 0.001097290625 0.9435851703125 0 0.728640509375 0
3 0.436009609375 0.170868009375 0.4224494703125 0.142299353125 0.40603450781249995 0.2552349 0.3971133796875 0.2717511828125 0.3514370640625 0.28291083906250003 0.3674951359375 0.3056765078125 0.3914038640625 0.3279957765625 0.42341700156249995 0.3379100921875 0.44921292343749997 0.3329060265625 0.47669005625 0.31817529843750003 0.504167190625 0.283803596875 0.522009515625 0.24095057187500002 0.5223663390625 0.2306837140625 0.49810081874999995 0.2306837140625 0.47312158593750003 0.21907766093749997 0.4513539984375 0.1980975484375 0.436009609375 0.170868009375
3 0.525890125 0 0.50125318125 0.137224946875 0.49203326875000003 0.1552034078125 0.44701845625000003 0.1630053890625 0.43698499843749994 0.15859558125 0.42179930624999995 0.1351896484375 0.4255957046875 0.152150459375 0.450272540625 0.1965878140625 0.4882368453125 0.2237251328125 0.5199641640625 0.2305094515625 0.5315699171875 0.2288481515625 0.5587419890625 0.2199937484375 0.583961140625 0.1965878140625 0.6053838687499999 0.1507935984375 0.6173155 0.1066954703125 0.618400203125 0.0971974 0.5926387140625 0.0887169796875 0.566063678125 0.0629365515625 0.543285090625 0.0293541265625 0.5298759265624999 0 0.525890125 0
3 0.530033478125 0 0.532331125 0.0088838 0.5504997671875 0.0417877875 0.5735495375 0.0712996140625 0.599853365625 0.090295740625 0.6218184328125 0.0960624234375 0.6483436421875 0.093052921875 0.6755108171875001 0.080458459375 0.7042552343749999 0.0485721203125 0.721339175 0.006509290625 0.7223325890625001 0 0.530033478125 0
3 0.21915912343750002 0.0953209703125 0.209125690625 0.0603817 0.20397338281250002 0.0624169984375 0.1134013953125 0.0776817375 0.102825621875 0.0898935296875 0.102825621875 0.1082112140625 0.102825621875 0.13093869375 0.1055373421875 0.16791329375 0.1169266359375 0.21235065 0.1421457859375 0.252717409375 0.1784830734375 0.27442725625 0.1975238234375 0.276656209375 0.23109075781250002 0.27340960625 0.2527846421875 0.2625546734375 0.2761055921875 0.23779188125 0.298070659375 0.20387024375 0.305121165625 0.1791074375 0.29508773125 0.17775057656249998 0.2636315953125 0.16078975 0.2384124453125 0.1329739921875 0.21915912343750002 0.0953209703125
3 0.19963992656250001 0 0.1985608515625 0.013948290625000002 0.2039843421875 0.0546542609375 0.2183565625 0.0960386859375 0.2427621921875 0.13810151406249999 0.2609308125 0.1601505890625 0.3005221828125 0.1808427859375 0.328181896875 0.181521221875 0.36587501875 0.16693490625000001 0.394077096875 0.13504856875 0.41032054375 0.09610450000000001 0.4100763328125 0.0590640859375 0.36370563749999996 0.0488875921875 0.33441888125 0.023107135937500002 0.31779396875 0 0.19963992656250001 0