3 0 0.9458137671875001 0.0043256015625 0.9468214296875 0.036584409375 0.9437603359375 0.073651953125 0.924210384375 0.0901820609375 0.8981437671875 0.09819662812499999 0.8695707609375001 0.09719481875 0.82796446875 0.0806647109375 0.7963837765624999 0.0420944765625 0.773826140625 0.001019646875 0.77081845625 0 0.771163184375 0 0.9458137671875001
3 0.1944763296875 0.9528340999999999 0.22492746718749998 0.9512795484375 0.25748675468750004 0.9352385546875001 0.2835342125 0.900650178125 0.2905469703125 0.8610490015625001 0.282532403125 0.8164350015625 0.265000440625 0.79187225 0.23444481874999998 0.7753299828125 0.20238641249999997 0.7658056328125 0.170828934375 0.7698158640625 0.13776871875000002 0.7908696796875 0.11272311718750001 0.8234529421874999 0.10470850312499999 0.863555390625 0.11272311718750001 0.900650178125 0.1312568421875 0.930727028125 0.15980884687500002 0.9462667250000001 0.1944763296875 0.9528340999999999
3 0.3756080515625 0.9475730140625 0.40730093125 0.94726929375 0.43785655468750007 0.9367423968749999 0.458894871875 0.9141847609375 0.4734213609375 0.880598953125 0.47492409843749994 0.834982384375 0.4533848515625 0.8039029890625 0.426335584375 0.7838517421875 0.39628084375 0.7758312328125 0.3612169640625 0.777836371875 0.33066134062499997 0.7973863234375 0.30711843125 0.8239542140625 0.2976011265625 0.8600464328124999 0.30461388437500003 0.8976424937499999 0.327154940625 0.9297244578124999 0.3552060171875 0.9457654515625 0.3756080515625 0.9475730140625
3 0.37797855937499997 0.75795325625 0.4053015078125 0.7586514546875 0.43385043124999995 0.7464616328125 0.457450896875 0.722081953125 0.470393053125 0.6988450875 0.4749608796875 0.668751440625 0.47191567343749996 0.6394196296875 0.45440565624999996 0.6138971875 0.425476103125 0.589517509375 0.38893348125 0.58418446875 0.352010196875 0.5929458999999999 0.32117735937499997 0.6188492859375 0.3029060484375 0.6508475984375 0.2979575578125 0.6843696546875 0.3070932125 0.7137014484375 0.3303130140625 0.7399857765625 0.352010196875 0.7529374703125 0.37797855937499997 0.75795325625
3 0.190743028125 0.754802246875 0.2222954984375 0.754125409375 0.2535823234375 0.7412883625 0.27861181875 0.7203107625 0.2942552328125 0.684304428125 0.2942552328125 0.6429754156249999 0.27673460781250003 0.6047773671875001 0.2548338078125 0.5891224484375 0.22573704062500002 0.5744068234374999 0.196640275 0.5725282328125 0.165353421875 0.5784770859374999 0.13093790156250001 0.6060297718750001 0.1131044 0.6417230109375 0.112478671875 0.683365134375 0.129060690625 0.72062385625 0.1550287625 0.7412883625 0.190743028125 0.754802246875
3 0 0.7529571515625 0.017470479687500002 0.7547516109375 0.0418742171875 0.7491158375 0.060646325 0.742227659375 0.07941843125 0.7265727390625 0.09162030156249999 0.70872611875 0.10006775000000001 0.6808603265625 0.10069350625 0.6564386343749999 0.0956876015625 0.628885978125 0.0797313109375 0.6044642875 0.0590819921875 0.5903748515625 0.034052526562500005 0.5803556765625 0.002765671875 0.5784770859374999 0 0.5793182531250001 0 0.7529571515625
3 0.6082187218749999 0.9391366343750001 0.6327218515624999 0.9389361781250001 0.654787765625 0.93466221875 0.6821921671875 0.913292421875 0.697851821875 0.8894294890625 0.704613959375 0.855237815625 0.698207734375 0.8124982234375 0.67044741875 0.783292825 0.6387722 0.7697586328125 0.5971317265625 0.7669093046875 0.5658123859375 0.7864982953124999 0.5405433937499999 0.8128543828125 0.530934053125 0.8534569937500001 0.537696159375 0.8912102953125001 0.5597620734375 0.9164978921875001 0.57969254375 0.9296759359375001 0.6082187218749999 0.9391366343750001
3 0.8036646375000001 0.9471467125 0.8413125671874999 0.94463479375 0.8633784468749999 0.9282512796875 0.8811735421875 0.9086623062499999 0.8932741703125 0.8801692390625 0.8975449890625 0.852032346875 0.8886474734375 0.8117858921875 0.855192725 0.779018865625 0.8160435734375 0.76833396875 0.7722676921875 0.7694024578125 0.739880646875 0.7929092328125 0.7156793593749999 0.8384981359375001 0.7224414640625 0.8912102953125001 0.7455750828125 0.9257581421875001 0.7761825984375 0.9414293234375 0.8036646375000001 0.9471467125
3 1 0.770175928125 0.9748019390625 0.774032590625 0.9441944234375 0.7886352750000001 0.919637221875 0.8160598515625 0.9132309953125001 0.845977565625 0.9178576921875001 0.888361 0.9388559015625001 0.9179225390625 0.9676839203125001 0.9375115296875001 0.9873624375000001 0.9439426796875001 1 0.9439343062500001 1 0.770175928125
3 1 0.5748543078125 0.9746461875 0.5757071500000001 0.9376324140625 0.5963646296875 0.9166342390625 0.62628234375 0.90951621875 0.66439181875 0.9173460296875 0.7042821 0.9447504640625001 0.7349121453125 0.9746461875 0.7527203140625 1 0.7542041125 1 0.5748543078125
3 0.7908485109375001 0.7495647765625 0.8233283609375001 0.75343263125 0.8596303109375001 0.73918610625 0.8820521031249999 0.7217341109375 0.8966440859375 0.6939533765625 0.89949131875 0.64337818125 0.8816962234375 0.60313174375 0.8496650921875 0.5771318140624999 0.8137190203125 0.57107705 0.7649605296875001 0.580337284375 0.73506480625 0.6134604671874999 0.7179815359374999 0.6508576109375 0.7233200578125001 0.6943095328125 0.744318234375 0.727788875 0.76851955625 0.7445285546875 0.7908485109375001 0.7495647765625
3 0.6108887468749999 0.7506327859375 0.6407282578125 0.7495148453125 0.6692003984375 0.737049125 0.6869954609375 0.7124738609375 0.7030110265625 0.6836246359375 0.70692593125 0.6505014359375 0.6869954609375 0.6095426828125 0.6595910578125 0.5863920484375 0.6218654906250001 0.5757071500000001 0.5862753328125 0.5831865781250001 0.549617503125 0.6056248640625 0.5325342328125 0.644090496875 0.5350255203125001 0.6893232421875 0.5574473140625 0.7249395796875 0.5880548625 0.7488025140625 0.6108887468749999 0.7506327859375
3 0.3690169203125 0.44592174375000004 0.399947240625 0.44174985468749994 0.4312958359375 0.42632115625000006 0.449796665625 0.40163523906250004 0.460588815625 0.376435040625 0.462644525 0.34609192499999997 0.45339411093750004 0.3085487671875 0.4246150125 0.2761485015625 0.389155090625 0.2632912375 0.3362221484375 0.2689484109375 0.30744309687500004 0.28900571875000003 0.288428340625 0.31729168125 0.280205734375 0.3558634265625 0.2894561484375 0.396492346875 0.3218325984375 0.43249263437499996 0.3690169203125 0.44592174375000004
3 0.16622055625 0.4274156109375 0.19695200468750002 0.4304354828125 0.23035630937499998 0.4180925234375 0.25502408125 0.3970066296875 0.2658162328125 0.36254921093750003 0.261191025 0.322948878125 0.23652325312500003 0.2884914609375 0.1943824609375 0.2674055421875 0.142991253125 0.275634196875 0.1157539375 0.30957733125 0.1018783171875 0.349691946875 0.11986521718750001 0.39906378125 0.148644315625 0.42220682812500004 0.16622055625 0.4274156109375
3 0 0.42883039375000004 0.0045302203125000004 0.42949893125000005 0.03870164375 0.420104271875 0.06273432031250001 0.40093915312500006 0.0796322890625 0.3757614546875 0.08526494375 0.3490806 0.08451393593749999 0.32540604375000004 0.07249757968750001 0.296846265625 0.046962884375 0.278432709375 0.02255471875 0.2675349078125 0 0.2684377546875 0 0.42883039375000004
3 0 0.237820565625 0.0038420375 0.2383485546875 0.02743633125 0.2330035 0.052595539062499995 0.22135411875000002 0.0672404453125 0.20256476562499998 0.0792567671875 0.1822722875 0.081134340625 0.1503304484375 0.0706200390625 0.1180127765625 0.0480894140625 0.0928350953125 0.023305728125 0.07855518125 0 0.074096415625 0 0.237820565625
3 0.180758134375 0.24623653281250002 0.2103347734375 0.24352551875 0.23361640625 0.23563399999999998 0.25351847968749996 0.21947518124999998 0.26628581093750003 0.1999342828125 0.27529806093750003 0.17738708593750002 0.276049103125 0.1503304484375 0.2685388734375 0.1202674953125 0.25539602031249997 0.0969687375 0.229485803125 0.07780361875 0.1990694609375 0.068784740625 0.17203271250000002 0.06728158281249999 0.14424495312500002 0.076676259375 0.1235918703125 0.09546557812499999 0.10819595468750001 0.11575805624999999 0.0984326625 0.1495788515625 0.1021877765625 0.17926600625 0.1149551421875 0.20707420468749999 0.1386122984375 0.2307487796875 0.1585143375 0.242022378125 0.180758134375 0.24623653281250002
3 0.37457704375 0.251870803125 0.397001534375 0.250289678125 0.4244138390625 0.24051923749999998 0.44394035781249996 0.22022675937499997 0.46046283906249996 0.1942974828125 0.4679730015625 0.1649861265625 0.4619648578125 0.1315410953125 0.44131180781249996 0.0995992546875 0.4180301390625 0.0789309796875 0.3816056203125 0.0695363015625 0.345556621875 0.0744215390625 0.3132627390625 0.0958413765625 0.2967402578125 0.118388575 0.2892300609375 0.14995465 0.288479053125 0.1822722875 0.3023729140625 0.20857736249999997 0.329034175 0.2375129390625 0.353442340625 0.250289678125 0.37457704375 0.251870803125
3 0.59994786875 0.43892858749999997 0.6246812875 0.43891838906249997 0.6513425484375001 0.4268932109375 0.670869065625 0.41111017343749995 0.686640503125 0.391569275 0.696403796875 0.361130559375 0.6937752109375 0.3239276828125 0.680632359375 0.2897310890625 0.6505915046874999 0.26079553125 0.6171710906250001 0.24426089687500002 0.5769914890625001 0.24501249375 0.537187375 0.2660565328125 0.5191628749999999 0.2953678890625 0.51052613125 0.33332234375 0.5165342921875 0.3735315171875 0.5285506468750001 0.400963934375 0.55408534375 0.4242627109375 0.5732363734375 0.4325300109375 0.59994786875 0.43892858749999997
3 0.780244528125 0.4456897125 0.8072048515624999 0.44643411874999994 0.8304865203125 0.44230046874999995 0.8563967375000001 0.42802057187500003 0.8729191843749999 0.4096070328125 0.883808975 0.3904419140625 0.8901926734375 0.3641368390625 0.8913192046875 0.336328640625 0.8823069562500001 0.31378144375 0.86202939375 0.2844700890625 0.8334905921875 0.2653049703125 0.8008211875000001 0.2574134515625 0.7704048453125 0.261922890625 0.7444946265625 0.2750754109375 0.7253435968749999 0.29311316875000004 0.709572159375 0.314157225 0.6998089000000001 0.3483538015625 0.706192565625 0.3855566765625 0.72121299375 0.4118617515625 0.7422415640625 0.4306510796875 0.7632701359375 0.44230046874999995 0.780244528125 0.4456897125
3 1 0.2662051765625 0.9831804515625 0.263723540625 0.94722981875 0.2749663953125 0.9141680750000001 0.300664290625 0.9000446265625 0.3282895453125 0.8936248812500001 0.35173887812500004 0.8981186984375 0.3851461609375 0.9154520359375 0.4179109921875 0.9440199328125001 0.4397542171875 0.9735508218750001 0.4509970484375 0.9893605375 0.4537294703125 1 0.4525966375 1 0.2662051765625
3 1 0.06868636875 0.9783656374999999 0.0672102140625 0.9395261140625 0.084877534375 0.9061434015625001 0.12149705 0.8965137703125 0.1539406609375 0.8990816625000001 0.1879903828125 0.91192118125 0.2169005265625 0.9343903015624999 0.2374588609375 0.9603903046875001 0.2528776046875 0.9869524406249999 0.2543389625 1 0.25229329218749996 1 0.06868636875
3 0.7880435515624999 0.245669809375 0.8103077296875 0.2454894515625 0.8391966234374999 0.2358527375 0.8594188484374999 0.22268255468749998 0.8770731546875 0.2011605625 0.8860608203125 0.1767475578125 0.8883077437500001 0.1491223046875 0.8815670015625001 0.1208546125 0.8632707015625 0.09708402968749999 0.8356657390625 0.0774893953125 0.800036103125 0.070101228125 0.762159571875 0.0768469296875 0.73391264375 0.09901137343750001 0.7188262171875001 0.1243880640625 0.7120854750000001 0.1552255515625 0.7130484390625 0.1838144765625 0.72781386875 0.21497318281250002 0.7477151265625 0.2332829421875 0.7676163546875 0.24067109375 0.7880435515624999 0.245669809375
3 0.627485209375 0.24375620625 0.6559914124999999 0.234176659375 0.6823078437500001 0.212039334375 0.6937497703125 0.18913864687499998 0.7021405625 0.1559326515625 0.6929870218749999 0.11051295000000001 0.671628734375 0.08494050625 0.641879725 0.068910025 0.5995445968750001 0.061276475 0.5659815984375001 0.0742535421875 0.5427163375 0.097535884375 0.5228836859375 0.131505259375 0.5240278796875 0.1677646671875 0.5335627953125 0.19868059375 0.5564466484375 0.22387134999999997 0.576279334375 0.2383751234375 0.5991631875000001 0.2433369328125 0.627485209375 0.24375620625