3 0 0.22883681562499997 0.001019646875 0.22918154375 0.0420944765625 0.226173859375 0.0806647109375 0.2036162234375 0.09719481875 0.17203553124999998 0.09819662812499999 0.13042923906249998 0.0901820609375 0.1018562328125 0.073651953125 0.075789615625 0.036584409375 0.05623966406250001 0.0043256015625 0.05317857031249999 0 0.0541862328125 0 0.22883681562499997
3 0.11272311718750001 0.1765470578125 0.13776871875000002 0.20913032031249998 0.170828934375 0.2301841359375 0.20238641249999997 0.23419436718750003 0.23444481874999998 0.22467001718750002 0.265000440625 0.20812775 0.282532403125 0.18356499843750002 0.2905469703125 0.1389509984375 0.2835342125 0.099349821875 0.25748675468750004 0.0647614453125 0.22492746718749998 0.0487204515625 0.1944763296875 0.0471659 0.15980884687500002 0.053733275000000004 0.1312568421875 0.069272971875 0.11272311718750001 0.099349821875 0.10470850312499999 0.136444609375 0.11272311718750001 0.1765470578125
3 0.30711843125 0.1760457859375 0.33066134062499997 0.2026136765625 0.3612169640625 0.22216362812499998 0.39628084375 0.22416876718749998 0.426335584375 0.21614825781250002 0.4533848515625 0.1960970109375 0.47492409843749994 0.165017615625 0.4734213609375 0.119401046875 0.458894871875 0.0858152390625 0.43785655468750007 0.06325760312499999 0.40730093125 0.05273070625 0.3756080515625 0.052426985937500004 0.3552060171875 0.054234548437499995 0.327154940625 0.0702755421875 0.30461388437500003 0.10235750625 0.2976011265625 0.13995356718750002 0.30711843125 0.1760457859375
3 0.3029060484375 0.3491524015625 0.32117735937499997 0.3811507140625 0.352010196875 0.40705410000000003 0.38893348125 0.41581553125 0.425476103125 0.41048249062500003 0.45440565624999996 0.3861028125 0.47191567343749996 0.3605803703125 0.4749608796875 0.331248559375 0.470393053125 0.30115491250000004 0.457450896875 0.277918046875 0.43385043124999995 0.2535383671875 0.4053015078125 0.2413485453125 0.37797855937499997 0.24204674375000002 0.352010196875 0.24706252968750003 0.3303130140625 0.26001422343749997 0.3070932125 0.2862985515625 0.2979575578125 0.3156303453125 0.3029060484375 0.3491524015625
3 0.13093790156250001 0.39397022812500004 0.165353421875 0.42152291406250003 0.196640275 0.4274717671875 0.22573704062500002 0.4255931765625 0.2548338078125 0.4108775515625 0.27673460781250003 0.39522263281250003 0.2942552328125 0.357024584375 0.2942552328125 0.31569557187499997 0.27861181875 0.2796892375 0.2535823234375 0.2587116375 0.2222954984375 0.245874590625 0.190743028125 0.24519775312499997 0.1550287625 0.2587116375 0.129060690625 0.27937614375 0.112478671875 0.316634865625 0.1131044 0.3582769890625 0.13093790156250001 0.39397022812500004
3 0 0.420681746875 0.002765671875 0.42152291406250003 0.034052526562500005 0.41964432343749997 0.0590819921875 0.40962514843750003 0.0797313109375 0.39553571249999997 0.0956876015625 0.37111402187500003 0.10069350625 0.343561365625 0.10006775000000001 0.3191396734375 0.09162030156249999 0.29127388125000003 0.07941843125 0.2734272609375 0.060646325 0.257772340625 0.0418742171875 0.2508841625 0.017470479687500002 0.2452483890625 0 0.24704284843750002 0 0.420681746875
3 0.5405433937499999 0.1871456171875 0.5658123859375 0.2135017046875 0.5971317265625 0.23309069531249998 0.6387722 0.23024136718750002 0.67044741875 0.21670717499999997 0.698207734375 0.1875017765625 0.704613959375 0.144762184375 0.697851821875 0.1105705109375 0.6821921671875 0.08670757812499999 0.654787765625 0.06533778125 0.6327218515624999 0.061063821875 0.6082187218749999 0.060863365625 0.57969254375 0.0703240640625 0.5597620734375 0.0835021078125 0.537696159375 0.1087897046875 0.530934053125 0.14654300625 0.5405433937499999 0.1871456171875
3 0.739880646875 0.20709076718750002 0.7722676921875 0.2305975421875 0.8160435734375 0.23166603125 0.855192725 0.22098113437500003 0.8886474734375 0.1882141078125 0.8975449890625 0.147967653125 0.8932741703125 0.1198307609375 0.8811735421875 0.09133769375 0.8633784468749999 0.0717487203125 0.8413125671874999 0.05536520625 0.8036646375000001 0.0528532875 0.7761825984375 0.0585706765625 0.7455750828125 0.0742418578125 0.7224414640625 0.1087897046875 0.7156793593749999 0.1615018640625 0.739880646875 0.20709076718750002
3 1 0.05606569375 0.9873624375000001 0.056057320312500006 0.9676839203125001 0.0624884703125 0.9388559015625001 0.0820774609375 0.9178576921875001 0.111639 0.9132309953125001 0.15402243437500002 0.919637221875 0.1839401484375 0.9441944234375 0.211364725 0.9748019390625 0.225967409375 1 0.22982407187499998 1 0.05606569375
3 1 0.2457958875 0.9746461875 0.2472796859375 0.9447504640625001 0.2650878546875 0.9173460296875 0.2957179 0.90951621875 0.33560818124999997 0.9166342390625 0.37371765625000003 0.9376324140625 0.4036353703125 0.9746461875 0.42429284999999994 1 0.4251456921875 1 0.2457958875
3 0.73506480625 0.3865395328125 0.7649605296875001 0.419662715625 0.8137190203125 0.42892295 0.8496650921875 0.42286818593750003 0.8816962234375 0.39686825625 0.89949131875 0.35662181875 0.8966440859375 0.3060466234375 0.8820521031249999 0.2782658890625 0.8596303109375001 0.26081389375 0.8233283609375001 0.24656736875 0.7908485109375001 0.2504352234375 0.76851955625 0.2554714453125 0.744318234375 0.272211125 0.7233200578125001 0.3056904671875 0.7179815359374999 0.3491423890625 0.73506480625 0.3865395328125
3 0.549617503125 0.3943751359375 0.5862753328125 0.416813421875 0.6218654906250001 0.42429284999999994 0.6595910578125 0.4136079515625 0.6869954609375 0.3904573171875 0.70692593125 0.3494985640625 0.7030110265625 0.3163753640625 0.6869954609375 0.2875261390625 0.6692003984375 0.262950875 0.6407282578125 0.2504851546875 0.6108887468749999 0.2493672140625 0.5880548625 0.2511974859375 0.5574473140625 0.2750604203125 0.5350255203125001 0.3106767578125 0.5325342328125 0.355909503125 0.549617503125 0.3943751359375
3 0.30744309687500004 0.71099428125 0.3362221484375 0.7310515890625 0.389155090625 0.7367087625 0.4246150125 0.7238514984375 0.45339411093750004 0.6914512328125 0.462644525 0.653908075 0.460588815625 0.623564959375 0.449796665625 0.5983647609375 0.4312958359375 0.57367884375 0.399947240625 0.5582501453125001 0.3690169203125 0.55407825625 0.3218325984375 0.567507365625 0.2894561484375 0.603507653125 0.280205734375 0.6441365734375 0.288428340625 0.68270831875 0.30744309687500004 0.71099428125
3 0.142991253125 0.724365803125 0.1943824609375 0.7325944578125 0.23652325312500003 0.7115085390625 0.261191025 0.677051121875 0.2658162328125 0.6374507890625 0.25502408125 0.6029933703125 0.23035630937499998 0.5819074765625001 0.19695200468750002 0.5695645171875 0.16622055625 0.5725843890625 0.148644315625 0.577793171875 0.11986521718750001 0.60093621875 0.1018783171875 0.6503080531250001 0.1157539375 0.6904226687499999 0.142991253125 0.724365803125
3 0 0.7315622453125 0.02255471875 0.7324650921875 0.046962884375 0.721567290625 0.07249757968750001 0.7031537343750001 0.08451393593749999 0.6745939562500001 0.08526494375 0.6509194 0.0796322890625 0.6242385453125 0.06273432031250001 0.5990608468749999 0.03870164375 0.579895728125 0.0045302203125000004 0.57050106875 0 0.57116960625 0 0.7315622453125
3 0 0.9259035843750001 0.023305728125 0.9214448187500001 0.0480894140625 0.9071649046875001 0.0706200390625 0.8819872234374999 0.081134340625 0.8496695515624999 0.0792567671875 0.8177277125 0.0672404453125 0.797435234375 0.052595539062499995 0.77864588125 0.02743633125 0.7669965000000001 0.0038420375 0.7616514453125001 0 0.762179434375 0 0.9259035843750001
3 0.0984326625 0.8504211484375 0.10819595468750001 0.88424194375 0.1235918703125 0.904534421875 0.14424495312500002 0.923323740625 0.17203271250000002 0.9327184171875 0.1990694609375 0.9312152593749999 0.229485803125 0.92219638125 0.25539602031249997 0.9030312625000001 0.2685388734375 0.8797325046875001 0.276049103125 0.8496695515624999 0.27529806093750003 0.8226129140625 0.26628581093750003 0.8000657171875 0.25351847968749996 0.78052481875 0.23361640625 0.764366 0.2103347734375 0.7564744812499999 0.180758134375 0.7537634671875 0.1585143375 0.7579776218750001 0.1386122984375 0.7692512203125 0.1149551421875 0.7929257953125 0.1021877765625 0.82073399375 0.0984326625 0.8504211484375
3 0.2892300609375 0.85004535 0.2967402578125 0.881611425 0.3132627390625 0.9041586234375 0.345556621875 0.9255784609375001 0.3816056203125 0.9304636984375 0.4180301390625 0.9210690203125 0.44131180781249996 0.9004007453125 0.4619648578125 0.8684589046875001 0.4679730015625 0.8350138734374999 0.46046283906249996 0.8057025171875001 0.44394035781249996 0.779773240625 0.4244138390625 0.7594807625 0.397001534375 0.7497103218750001 0.37457704375 0.748129196875 0.353442340625 0.7497103218750001 0.329034175 0.7624870609375 0.3023729140625 0.7914226375 0.288479053125 0.8177277125 0.2892300609375 0.85004535
3 0.51052613125 0.66667765625 0.5191628749999999 0.7046321109375 0.537187375 0.7339434671875 0.5769914890625001 0.75498750625 0.6171710906250001 0.755739103125 0.6505915046874999 0.73920446875 0.680632359375 0.7102689109375 0.6937752109375 0.6760723171875 0.696403796875 0.638869440625 0.686640503125 0.6084307250000001 0.670869065625 0.5888898265625 0.6513425484375001 0.5731067890625 0.6246812875 0.5610816109375001 0.59994786875 0.5610714125 0.5732363734375 0.5674699890625 0.55408534375 0.5757372890625 0.5285506468750001 0.599036065625 0.5165342921875 0.6264684828125 0.51052613125 0.66667765625
3 0.6998089000000001 0.6516461984374999 0.709572159375 0.685842775 0.7253435968749999 0.7068868312500001 0.7444946265625 0.7249245890625 0.7704048453125 0.738077109375 0.8008211875000001 0.7425865484374999 0.8334905921875 0.7346950296875 0.86202939375 0.7155299109375 0.8823069562500001 0.68621855625 0.8913192046875 0.663671359375 0.8901926734375 0.6358631609375001 0.883808975 0.6095580859374999 0.8729191843749999 0.5903929671875 0.8563967375000001 0.5719794281249999 0.8304865203125 0.55769953125 0.8072048515624999 0.5535658812500001 0.780244528125 0.5543102875 0.7632701359375 0.55769953125 0.7422415640625 0.5693489203125 0.72121299375 0.5881382484375 0.706192565625 0.6144433234375 0.6998089000000001 0.6516461984374999
3 1 0.5474033625 0.9893605375 0.5462705296875 0.9735508218750001 0.5490029515625 0.9440199328125001 0.5602457828125 0.9154520359375 0.5820890078125001 0.8981186984375 0.6148538390625 0.8936248812500001 0.648261121875 0.9000446265625 0.6717104546875 0.9141680750000001 0.699335709375 0.94722981875 0.7250336046875 0.9831804515625 0.736276459375 1 0.7337948234375 1 0.5474033625
3 1 0.7477067078124999 0.9869524406249999 0.7456610375 0.9603903046875001 0.7471223953125 0.9343903015624999 0.7625411390625 0.91192118125 0.7830994734375001 0.8990816625000001 0.8120096171875 0.8965137703125 0.8460593390625 0.9061434015625001 0.87850295 0.9395261140625 0.9151224656249999 0.9783656374999999 0.9327897859375 1 0.9313136312499999 1 0.7477067078124999
3 0.7120854750000001 0.8447744484375 0.7188262171875001 0.8756119359375001 0.73391264375 0.9009886265624999 0.762159571875 0.9231530703124999 0.800036103125 0.929898771875 0.8356657390625 0.9225106046875 0.8632707015625 0.9029159703125 0.8815670015625001 0.8791453875 0.8883077437500001 0.8508776953125 0.8860608203125 0.8232524421875 0.8770731546875 0.7988394375000001 0.8594188484374999 0.7773174453125 0.8391966234374999 0.7641472625 0.8103077296875 0.7545105484375 0.7880435515624999 0.754330190625 0.7676163546875 0.75932890625 0.7477151265625 0.7667170578125 0.72781386875 0.7850268171875 0.7130484390625 0.8161855234375001 0.7120854750000001 0.8447744484375
3 0.5240278796875 0.8322353328125001 0.5228836859375 0.868494740625 0.5427163375 0.9024641156250001 0.5659815984375001 0.9257464578124999 0.5995445968750001 0.938723525 0.641879725 0.9310899750000001 0.671628734375 0.91505949375 0.6929870218749999 0.88948705 0.7021405625 0.8440673484375001 0.6937497703125 0.8108613531250001 0.6823078437500001 0.787960665625 0.6559914124999999 0.765823340625 0.627485209375 0.7562437937500001 0.5991631875000001 0.7566630671875 0.576279334375 0.7616248765625 0.5564466484375 0.77612865 0.5335627953125 0.80131940625 0.5240278796875 0.8322353328125001