3 1 0.771163184375 0.9989803531250001 0.77081845625 0.9579055234375 0.773826140625 0.9193352890625001 0.7963837765624999 0.90280518125 0.82796446875 0.901803371875 0.8695707609375001 0.9098179390625001 0.8981437671875 0.926348046875 0.924210384375 0.9634155906249999 0.9437603359375 0.9956743984375 0.9468214296875 1 0.9458137671875001 1 0.771163184375
3 0.76555518125 0.7753299828125 0.7349995593750001 0.79187225 0.717467596875 0.8164350015625 0.7094530296875 0.8610490015625001 0.7164657875 0.900650178125 0.7425132453125001 0.9352385546875001 0.7750725328125 0.9512795484375 0.8055236703125 0.9528340999999999 0.840191153125 0.9462667250000001 0.8687431578125 0.930727028125 0.8872768828125001 0.900650178125 0.8952914968749999 0.863555390625 0.8872768828125001 0.8234529421874999 0.86223128125 0.7908696796875 0.829171065625 0.7698158640625 0.7976135875 0.7658056328125 0.76555518125 0.7753299828125
3 0.5736644156249999 0.7838517421875 0.5466151484374999 0.8039029890625 0.5250759015625001 0.834982384375 0.5265786390625 0.880598953125 0.541105128125 0.9141847609375 0.5621434453124999 0.9367423968749999 0.59269906875 0.94726929375 0.6243919484375 0.9475730140625 0.6447939828125 0.9457654515625 0.6728450593749999 0.9297244578124999 0.6953861156250001 0.8976424937499999 0.7023988734375 0.8600464328124999 0.6928815687500001 0.8239542140625 0.6693386593749999 0.7973863234375 0.6387830359375 0.777836371875 0.60371915625 0.7758312328125 0.5736644156249999 0.7838517421875
3 0.5745238968749999 0.589517509375 0.54559434375 0.6138971875 0.5280843265625 0.6394196296875 0.5250391203125 0.668751440625 0.529606946875 0.6988450875 0.542549103125 0.722081953125 0.56614956875 0.7464616328125 0.5946984921875 0.7586514546875 0.622021440625 0.75795325625 0.647989803125 0.7529374703125 0.6696869859375 0.7399857765625 0.6929067875 0.7137014484375 0.7020424421875 0.6843696546875 0.6970939515625 0.6508475984375 0.678822640625 0.6188492859375 0.647989803125 0.5929458999999999 0.6110665187500001 0.58418446875 0.5745238968749999 0.589517509375
3 0.7451661921875 0.5891224484375 0.7232653921875001 0.6047773671875001 0.7057447671875 0.6429754156249999 0.7057447671875 0.684304428125 0.72138818125 0.7203107625 0.7464176765625 0.7412883625 0.7777045015625 0.754125409375 0.8092569718749999 0.754802246875 0.8449712375 0.7412883625 0.870939309375 0.72062385625 0.887521328125 0.683365134375 0.8868956000000001 0.6417230109375 0.8690620984375 0.6060297718750001 0.834646578125 0.5784770859374999 0.803359725 0.5725282328125 0.774262959375 0.5744068234374999 0.7451661921875 0.5891224484375
3 1 0.5793182531250001 0.997234328125 0.5784770859374999 0.9659474734375 0.5803556765625 0.9409180078125001 0.5903748515625 0.9202686890624999 0.6044642875 0.9043123984375001 0.628885978125 0.8993064937499999 0.6564386343749999 0.89993225 0.6808603265625 0.9083796984375001 0.70872611875 0.92058156875 0.7265727390625 0.9393536750000001 0.742227659375 0.9581257828125 0.7491158375 0.9825295203125 0.7547516109375 1 0.7529571515625 1 0.5793182531250001
3 0.32955258125000003 0.783292825 0.301792265625 0.8124982234375 0.295386040625 0.855237815625 0.302148178125 0.8894294890625 0.31780783281249997 0.913292421875 0.34521223437500004 0.93466221875 0.3672781484375 0.9389361781250001 0.39178127812499997 0.9391366343750001 0.42030745625000004 0.9296759359375001 0.4402379265625 0.9164978921875001 0.462303840625 0.8912102953125001 0.469065946875 0.8534569937500001 0.45945660625 0.8128543828125 0.43418761406249995 0.7864982953124999 0.4028682734375 0.7669093046875 0.3612278 0.7697586328125 0.32955258125000003 0.783292825
3 0.11135252656250001 0.8117858921875 0.10245501093750001 0.852032346875 0.1067258296875 0.8801692390625 0.11882645781250001 0.9086623062499999 0.136621553125 0.9282512796875 0.1586874328125 0.94463479375 0.1963353625 0.9471467125 0.2238174015625 0.9414293234375 0.25442491718750004 0.9257581421875001 0.2775585359375 0.8912102953125001 0.284320640625 0.8384981359375001 0.260119353125 0.7929092328125 0.22773230781249998 0.7694024578125 0.1839564265625 0.76833396875 0.14480727499999999 0.779018865625 0.11135252656250001 0.8117858921875
3 0 0.9439343062500001 0.0126375625 0.9439426796875001 0.0323160796875 0.9375115296875001 0.0611440984375 0.9179225390625 0.08214230781250001 0.888361 0.0867690046875 0.845977565625 0.080362778125 0.8160598515625 0.0558055765625 0.7886352750000001 0.0251980609375 0.774032590625 0 0.770175928125 0 0.9439343062500001
3 0 0.7542041125 0.0253538125 0.7527203140625 0.055249535937500004 0.7349121453125 0.0826539703125 0.7042821 0.09048378124999999 0.66439181875 0.0833657609375 0.62628234375 0.062367585937500004 0.5963646296875 0.0253538125 0.5757071500000001 0 0.5748543078125 0 0.7542041125
3 0.11830377656249999 0.60313174375 0.10050868125000001 0.64337818125 0.1033559140625 0.6939533765625 0.117947896875 0.7217341109375 0.1403696890625 0.73918610625 0.1766716390625 0.75343263125 0.2091514890625 0.7495647765625 0.23148044375 0.7445285546875 0.255681765625 0.727788875 0.2766799421875 0.6943095328125 0.2820184640625 0.6508576109375 0.26493519375 0.6134604671874999 0.2350394703125 0.580337284375 0.1862809796875 0.57107705 0.1503349078125 0.5771318140624999 0.11830377656249999 0.60313174375
3 0.3130045390625 0.6095426828125 0.29307406875 0.6505014359375 0.2969889734375 0.6836246359375 0.3130045390625 0.7124738609375 0.3307996015625 0.737049125 0.3592717421875 0.7495148453125 0.389111253125 0.7506327859375 0.41194513749999995 0.7488025140625 0.4425526859375 0.7249395796875 0.4649744796875 0.6893232421875 0.4674657671875 0.644090496875 0.450382496875 0.6056248640625 0.4137246671875 0.5831865781250001 0.37813450937500004 0.5757071500000001 0.3404089421875 0.5863920484375 0.3130045390625 0.6095426828125
3 0.5466058890625 0.3085487671875 0.537355475 0.34609192499999997 0.539411184375 0.376435040625 0.550203334375 0.40163523906250004 0.5687041640625 0.42632115625000006 0.600052759375 0.44174985468749994 0.6309830796875 0.44592174375000004 0.6781674015625 0.43249263437499996 0.7105438515625 0.396492346875 0.719794265625 0.3558634265625 0.711571659375 0.31729168125 0.6925569031250001 0.28900571875000003 0.6637778515625 0.2689484109375 0.610844909375 0.2632912375 0.5753849875 0.2761485015625 0.5466058890625 0.3085487671875
3 0.7341837671875 0.36254921093750003 0.74497591875 0.3970066296875 0.7696436906249999 0.4180925234375 0.8030479953125 0.4304354828125 0.8337794437499999 0.4274156109375 0.8513556843750001 0.42220682812500004 0.8801347828124999 0.39906378125 0.8981216828124999 0.349691946875 0.8842460624999999 0.30957733125 0.857008746875 0.275634196875 0.8056175390625 0.2674055421875 0.763476746875 0.2884914609375 0.738808975 0.322948878125 0.7341837671875 0.36254921093750003
3 1 0.2684377546875 0.97744528125 0.2675349078125 0.953037115625 0.278432709375 0.9275024203125 0.296846265625 0.9154860640625 0.32540604375000004 0.91473505625 0.3490806 0.9203677109375 0.3757614546875 0.9372656796875001 0.40093915312500006 0.96129835625 0.420104271875 0.9954697796875 0.42949893125000005 1 0.42883039375000004 1 0.2684377546875
3 1 0.074096415625 0.976694271875 0.07855518125 0.9519105859374999 0.0928350953125 0.9293799609375 0.1180127765625 0.918865659375 0.1503304484375 0.9207432328125 0.1822722875 0.9327595546874999 0.20256476562499998 0.9474044609375 0.22135411875000002 0.97256366875 0.2330035 0.9961579625000001 0.2383485546875 1 0.237820565625 1 0.074096415625
3 0.8279672874999999 0.06728158281249999 0.8009305390625 0.068784740625 0.770514196875 0.07780361875 0.7446039796874999 0.0969687375 0.7314611265625001 0.1202674953125 0.723950896875 0.1503304484375 0.7247019390625 0.17738708593750002 0.7337141890625001 0.1999342828125 0.7464815203125 0.21947518124999998 0.76638359375 0.23563399999999998 0.7896652265624999 0.24352551875 0.819241865625 0.24623653281250002 0.8414856625 0.242022378125 0.8613877015625 0.2307487796875 0.8850448578125001 0.20707420468749999 0.8978122234375 0.17926600625 0.9015673375000001 0.1495788515625 0.8918040453125 0.11575805624999999 0.8764081296875 0.09546557812499999 0.8557550468749999 0.076676259375 0.8279672874999999 0.06728158281249999
3 0.6183943796875 0.0695363015625 0.5819698609375 0.0789309796875 0.5586881921875 0.0995992546875 0.5380351421875 0.1315410953125 0.5320269984375 0.1649861265625 0.5395371609375 0.1942974828125 0.5560596421875 0.22022675937499997 0.5755861609374999 0.24051923749999998 0.602998465625 0.250289678125 0.62542295625 0.251870803125 0.646557659375 0.250289678125 0.670965825 0.2375129390625 0.6976270859375 0.20857736249999997 0.711520946875 0.1822722875 0.7107699390625 0.14995465 0.7032597421875 0.118388575 0.6867372609375 0.0958413765625 0.6544433781250001 0.0744215390625 0.6183943796875 0.0695363015625
3 0.382828909375 0.24426089687500002 0.34940849531249996 0.26079553125 0.319367640625 0.2897310890625 0.3062247890625 0.3239276828125 0.303596203125 0.361130559375 0.31335949687500003 0.391569275 0.329130934375 0.41111017343749995 0.3486574515625 0.4268932109375 0.37531871250000004 0.43891838906249997 0.40005213125 0.43892858749999997 0.4267636265625 0.4325300109375 0.44591465625 0.4242627109375 0.47144935312499997 0.400963934375 0.4834657078125 0.3735315171875 0.48947386875000004 0.33332234375 0.48083712500000003 0.2953678890625 0.46281262500000003 0.2660565328125 0.42300851093749997 0.24501249375 0.382828909375 0.24426089687500002
3 0.2295951546875 0.261922890625 0.1991788125 0.2574134515625 0.1665094078125 0.2653049703125 0.13797060625 0.2844700890625 0.11769304375 0.31378144375 0.1086807953125 0.336328640625 0.1098073265625 0.3641368390625 0.116191025 0.3904419140625 0.127080815625 0.4096070328125 0.1436032625 0.42802057187500003 0.1695134796875 0.44230046874999995 0.1927951484375 0.44643411874999994 0.21975547187500002 0.4456897125 0.23672986406250002 0.44230046874999995 0.2577584359375 0.4306510796875 0.27878700625 0.4118617515625 0.293807434375 0.3855566765625 0.30019110000000004 0.3483538015625 0.290427840625 0.314157225 0.274656403125 0.29311316875000004 0.2555053734375 0.2750754109375 0.2295951546875 0.261922890625
3 0 0.4525966375 0.0106394625 0.4537294703125 0.026449178125 0.4509970484375 0.0559800671875 0.4397542171875 0.08454796406250001 0.4179109921875 0.1018813015625 0.3851461609375 0.10637511875000001 0.35173887812500004 0.0999553734375 0.3282895453125 0.085831925 0.300664290625 0.052770181250000006 0.2749663953125 0.0168195484375 0.263723540625 0 0.2662051765625 0 0.4525966375
3 0 0.25229329218749996 0.013047559375 0.2543389625 0.0396096953125 0.2528776046875 0.0656096984375 0.2374588609375 0.08807881875 0.2169005265625 0.10091833750000001 0.1879903828125 0.10348622968750001 0.1539406609375 0.09385659843750001 0.12149705 0.060473885937500006 0.084877534375 0.0216343625 0.0672102140625 0 0.06868636875 0 0.25229329218749996
3 0.199963896875 0.070101228125 0.1643342609375 0.0774893953125 0.13672929843749998 0.09708402968749999 0.11843299843749999 0.1208546125 0.11169225625000001 0.1491223046875 0.1139391796875 0.1767475578125 0.1229268453125 0.2011605625 0.1405811515625 0.22268255468749998 0.1608033765625 0.2358527375 0.1896922703125 0.2454894515625 0.2119564484375 0.245669809375 0.23238364531250003 0.24067109375 0.2522848734375 0.2332829421875 0.27218613125 0.21497318281250002 0.2869515609375 0.1838144765625 0.28791452500000003 0.1552255515625 0.2811737828125 0.1243880640625 0.26608735625 0.09901137343750001 0.237840428125 0.0768469296875 0.199963896875 0.070101228125
3 0.40045540312499994 0.061276475 0.358120275 0.068910025 0.328371265625 0.08494050625 0.307012978125 0.11051295000000001 0.2978594375 0.1559326515625 0.3062502296875 0.18913864687499998 0.31769215625 0.212039334375 0.34400858749999996 0.234176659375 0.37251479062500004 0.24375620625 0.4008368125 0.2433369328125 0.423720665625 0.2383751234375 0.4435533515625 0.22387134999999997 0.4664372046875 0.19868059375 0.4759721203125 0.1677646671875 0.4771163140625 0.131505259375 0.45728366249999997 0.097535884375 0.4340184015625 0.0742535421875 0.40045540312499994 0.061276475